Test data_DRK/Real data/Moho_Tc+Topo.grd
DSAA
181 201
-5400000 5400000
-6000000 6000000
-82227.448380695 -14740.977784717
[rows 160 to 179 of 201, columns 46 to 91 of 181]
-30280.359983619 -30847.013687749 -31355.605320948 -31701.546116338 -31832.165543668 -31781.141000064 -31602.496474422 -31376.424574365 -31184.208009144 -31094.091670448 -31147.573335352 -31350.295043543 -31679.001567252 -32083.49647232 -32504.279999964 -32893.696405622 -33260.530227761 -33561.558996518 -33805.090205384 -34031.334419248 -34277.518637376 -34577.319366858 -34942.012898089 -35345.307967922 -35763.785572941 -36134.84406812 -36442.56403981 -36709.721223961 -36964.32091568 -37226.141666482 -37474.621734649 -37664.965217786 -37763.139306372 -37785.488984025 -37755.397780495 -37683.751996743 -37583.369358721 -37476.914505427 -37401.644002791 -37413.313342874 -37528.345364338 -37765.567320666 -38083.161363376 -38368.716996637 -38545.180002882 -38577.512421356
-30115.528148306 -30732.566469818 -31280.966142812 -31636.982416847 -31757.857051545 -31681.497556171 -31486.401035215 -31268.560250703 -31106.620448456 -31049.901211352 -31123.532749078 -31323.03064976 -31638.771382864 -32019.545337194 -32413.744321733 -32773.554204119 -33069.418016802 -33306.01212847 -33512.970732019 -33722.869676942 -33974.98845936 -34296.662813252 -34680.214324489 -35080.082220436 -35426.068852345 -35698.44658602 -35927.610896484 -36111.715173226 -36281.490783945 -36499.431299507 -36750.477791174 -36977.70542277 -37147.323371962 -37214.340856669 -37178.177488606 -37076.269390421 -36944.007437407 -36844.675077792 -36824.969931668 -36950.584873775 -37204.310194163 -37515.020649213 -37837.810240023 -38084.854315149 -38193.904962594 -38182.412792981
-29953.487857646 -30568.217662106 -31127.833261847 -31487.185371831 -31599.772792591 -31512.040240726 -31317.492908743 -31123.518060635 -31001.265802352 -30977.621253448 -31064.318145386 -31252.093399551 -31531.107883192 -31877.276491131 -32249.872007191 -32599.714385965 -32893.034848664 -33125.279612846 -33321.056763085 -33519.051675103 -33765.757350258 -34085.109130161 -34463.787530323 -34844.898882645 -35156.42369192 -35366.782138163 -35491.921961326 -35571.589428928 -35666.917477638 -35841.358089837 -36091.810529493 -36365.409195226 -36592.526578149 -36711.846373304 -36705.016239089 -36594.571900046 -36444.670791885 -36352.928843127 -36393.237761683 -36613.081602104 -36972.044644245 -37364.518156956 -37689.824588932 -37867.047123371 -37877.065463566 -37771.673139515
-29750.153190446 -30307.993616837 -30844.503610188 -31192.052591695 -31306.550414948 -31236.314677094 -31077.834765535 -30943.275783343 -30881.039550889 -30891.747892623 -30992.090800657 -31166.985396373 -31399.319332776 -31702.658953388 -32052.896013734 -32405.508584933 -32720.699030359 -32979.032311328 -33190.011202099 -33379.009639399 -33601.100340917 -33884.835364265 -34226.103922861 -34575.857350423 -34866.208630284 -35053.127316744 -35124.461590518 -35144.573879595 -35195.000743743 -35335.559899957 -35590.327555336 -35914.550132064 -36192.129851633 -36372.369443637 -36433.505825698 -36350.705262826 -36199.247404399 -36105.88901726 -36168.568221859 -36420.597178305 -36813.366217108 -37236.109046388 -37544.77937047 -37654.470842386 -37571.256753945 -37367.23352147
-29545.754991502 -30038.987388078 -30517.066126686 -30843.279966119 -30965.026552495 -30925.137465428 -30820.928656166 -30743.819973675 -30740.855835448 -30814.850289099 -30931.235865941 -31081.298709831 -31278.785699664 -31538.822375541 -31861.890021074 -32220.029372455 -32560.236243407 -32845.067403329 -33065.327971475 -33239.4518866 -33420.507586083 -33654.303137755 -33944.535925944 -34257.412180712 -34527.921142782 -34700.210916387 -34763.747564051 -34761.231637389 -34772.782285296 -34881.970043096 -35130.888633366 -35483.198532237 -35836.861961131 -36111.865026156 -36233.770420634 -36181.190377134 -36049.634189667 -35962.400532459 -36025.960667742 -36284.276983727 -36679.77084745 -37086.392965406 -37363.716556053 -37420.332547659 -37255.376970628 -36962.500778055
-29338.589290512 -29758.261157212 -30173.394831556 -30471.697495274 -30606.124312087 -30612.712356499 -30573.013339003 -30569.805498192 -30637.529992183 -30770.241124701 -30909.868535923 -31045.058904962 -31203.642504148 -31416.749265461 -31702.326675752 -32041.802990877 -32383.307483058 -32679.978386562 -32903.027013879 -33051.808925261 -33183.450258403 -33355.185387095 -33585.895369387 -33856.550265557 -34112.780557331 -34295.07762384 -34377.273002074 -34383.371677981 -34387.260299816 -34478.535167764 -34713.597560905 -35075.576843502 -35466.292506813 -35819.433431482 -36038.259440018 -36065.260614136 -35990.853476645 -35930.274646123 -35982.628873893 -36197.551966643 -36529.217344779 -36864.818701439 -37076.560933159 -37081.930514031 -36882.207489825 -36568.286309481
-29221.550445394 -29592.997296841 -29957.11021775 -30232.876892621 -30373.927365182 -30411.740257738 -30423.010076357 -30487.761861781 -30612.086565514 -30762.506769851 -30912.55519999 -31043.988227695 -31166.520684761 -31321.215765953 -31556.435359706 -31858.9819034 -32190.393340758 -32489.083054368 -32709.135098077 -32851.600474719 -32952.90574508 -33068.12370219 -33246.653780073 -33479.900947953 -33716.685522603 -33899.619414316 -33997.831956331 -34016.124700727 -34013.474600381 -34077.504830143 -34278.53898929 -34615.939158473 -35022.581463252 -35402.89223699 -35671.471239577 -35803.29305277 -35831.262238768 -35829.381481696 -35897.091756395 -36086.356744923 -36360.849962888 -36622.388207761 -36758.267986102 -36698.902215024 -36462.886507982 -36146.104266054
-29250.972549472 -29588.347700922 -29915.725566569 -30159.928802246 -30290.213039778 -30338.918952157 -30373.929877462 -30464.99954092 -30613.949036987 -30782.690902395 -30931.954075684 -31037.441965102 -31120.327499998 -31227.645919348 -31412.661481193 -31673.362099392 -31976.349283854 -32263.170618003 -32482.580836916 -32622.575259933 -32710.73045393 -32799.976973677 -32943.88926852 -33143.116079037 -33358.159112872 -33541.103386612 -33648.005200938 -33669.962038165 -33654.017566833 -33682.257687745 -33829.983452577 -34112.748366412 -34494.553866936 -34894.415274724 -35230.486157104 -35454.556075531 -35573.916875593 -35645.833676031 -35745.799971932 -35912.713153751 -36117.96984911 -36284.624517774 -36336.381416395 -36233.191484648 -35991.334748744 -35695.820369785
-29432.85676317 -29765.263607958 -30078.846411365 -30296.654271981 -30400.742853075 -30429.6553416 -30453.142848929 -30527.031901351 -30655.427996767 -30803.155569769 -30926.365262151 -30989.954694698 -31029.748954053 -31092.40034419 -31224.173338681 -31442.234657793 -31717.288883317 -31995.006805928 -32227.130909833 -32396.032332435 -32513.63862909 -32615.715364273 -32747.375733236 -32922.956741454 -33104.597133008 -33269.340868926 -33364.525581155 -33373.379136325 -33337.323106545 -33321.782677175 -33398.882483147 -33605.052043446 -33942.4398482 -34320.603698943 -34671.567993341 -34948.8064477 -35149.980813457 -35314.311967657 -35469.053367702 -35643.871853573 -35822.024893161 -35920.143381729 -35900.362446117 -35760.018485646 -35506.497976553 -35226.803610496
-29637.620722988 -29974.874485893 -30271.748032554 -30469.890912794 -30555.426988566 -30564.950931794 -30562.543912439 -30601.755228745 -30689.493700302 -30795.762473955 -30878.938610197 -30915.644088371 -30919.098030186 -30932.746232903 -31012.858322051 -31184.605509796 -31432.280675996 -31711.490788949 -31972.179085641 -32183.775994668 -32338.555122239 -32461.179351359 -32589.017363639 -32737.247428546 -32894.329488334 -33020.680318673 -33086.380203654 -33082.26375326 -33029.598335645 -32984.406809895 -33014.568243839 -33159.430134654 -33412.299986652 -33737.497300714 -34086.37631848 -34408.582006385 -34684.732530726 -34924.3544545 -35142.294408099 -35340.240931778 -35493.697265894 -35557.589885279 -35495.314311341 -35306.584417571 -35034.498983808 -34767.291475596
-29681.738890341 -30044.482263243 -30360.287970332 -30572.670210008 -30661.957736665 -30663.964514532 -30633.820449059 -30634.750465124 -30674.02406077 -30729.123043512 -30763.325480877 -30759.711849697 -30729.378456666 -30707.308337192 -30749.243341833 -30885.505166563 -31107.256833774 -31379.097994866 -31660.936422203 -31930.492076716 -32142.272978276 -32300.865472556 -32434.551833479 -32554.603859556 -32678.32222337 -32750.120882763 -32776.01296716 -32764.549334244 -32718.579571914 -32682.911264103 -32712.08475684 -32836.594568749 -33033.075864807 -33297.842798266 -33616.303852709 -33928.168001065 -34215.862710083 -34492.144914558 -34754.796348108 -34982.560122577 -35149.763348198 -35217.798674191 -35148.468017845 -34950.529772241 -34676.057539781 -34410.95740511
-29636.485621597 -30031.210954964 -30376.997672139 -30602.043380198 -30704.991591767 -30714.30935769 -30672.182905479 -30632.390765339 -30616.130517282 -30621.221645218 -30617.883177815 -30587.113426773 -30534.185362663 -30487.438306565 -30495.560532662 -30595.13529151 -30791.719910234 -31062.057862687 -31365.477690431 -31659.289950039 -31912.297667285 -32111.693375026 -32257.15322941 -32360.021248316 -32428.2916933 -32461.09853026 -32458.913422481 -32432.138100662 -32394.834162533 -32381.580032539 -32422.633329417 -32533.059287782 -32713.83312936 -32948.864323765 -33216.27490387 -33498.923188185 -33786.954655089 -34080.178575967 -34369.599629191 -34627.418541144 -34813.93629081 -34887.559463673 -34823.806854695 -34632.795824513 -34366.5425148 -34108.298449566
-29280.32243435 -29708.369832049 -30119.184818022 -30391.045379699 -30546.411734591 -30603.72109793 -30585.980966499 -30547.56773341 -30510.64958722 -30496.601237483 -30473.952208939 -30429.231188454 -30368.722936766 -30312.592558429 -30302.37068398 -30373.287040866 -30535.845636658 -30773.661635535 -31058.615220568 -31354.373182596 -31623.288072269 -31837.066490841 -31982.242801622 -32066.226395732 -32101.002204161 -32094.058146478 -32064.55315434 -32043.811327398 -32043.537607807 -32085.733686987 -32185.026877161 -32341.393642613 -32545.268465482 -32774.325334155 -33010.324002855 -33248.857006298 -33495.243724156 -33759.926200073 -34036.628836775 -34296.119749394 -34498.677350081 -34604.056319559 -34584.742113003 -34442.767171103 -34217.83499081 -33981.193390051
-28927.127662454 -29394.382486282 -29823.906158437 -30159.88450941 -30373.555473076 -30471.94070802 -30485.807388643 -30453.294179414 -30412.115801427 -30375.678790002 -30339.750772233 -30293.963784408 -30235.914664277 -30180.377672461 -30155.515849477 -30195.15848544 -30319.529376993 -30517.664841436 -30781.037057838 -31074.344069486 -31350.078250753 -31571.256912964 -31712.717996261 -31774.690173607 -31775.252522381 -31741.83464742 -31702.888175854 -31687.609706479 -31721.135529402 -31819.607545846 -31978.226833351 -32183.023777626 -32405.55441924 -32624.054208704 -32833.515597905 -33038.284370901 -33253.387186793 -33487.036038294 -33743.626423153 -34005.426815907 -34228.702277367 -34368.553968785 -34391.996623745 -34294.905302787 -34108.531739815 -33892.530077248
-28547.617214221 -29033.469984587 -29497.294123053 -29882.34893268 -30152.877321606 -30303.433622221 -30353.452053071 -30343.796490695 -30314.778173267 -30284.776248904 -30259.617785994 -30233.219230221 -30198.67925404 -30161.586693397 -30140.164010279 -30164.041328554 -30255.011311296 -30391.247693572 -30598.010031609 -30857.439412516 -31115.879395595 -31331.80291492 -31474.337678657 -31536.678168915 -31533.414067319 -31494.476638722 -31452.0109721 -31442.564496826 -31497.572266954 -31629.2244992 -31827.587387852 -32078.013785198 -32337.250322128 -32571.608170961 -32776.705921681 -32961.048212444 -33144.955488644 -33343.218434351 -33565.410240458 -33804.737130794 -34029.999553552 -34199.685558642 -34271.671387432 -34229.686111631 -34093.955490293 -33909.331298135
-28265.961291491 -28767.588253574 -29253.254215 -29666.944825097 -29969.81458273 -30150.80978645 -30224.473665949 -30230.002657266 -30209.18126265 -30191.856579514 -30184.690287362 -30181.841471895 -30168.204892255 -30155.062990624 -30144.775002388 -30153.77469282 -30207.104190532 -30319.451872738 -30490.991992242 -30705.869073588 -30934.367098224 -31141.251226314 -31288.451401948 -31360.123109103 -31369.321553891 -31331.204836082 -31288.865022374 -31285.164358293 -31350.284571074 -31500.323916819 -31727.385306445 -32000.077247687 -32278.015022258 -32530.788108512 -32746.436127528 -32924.852486298 -33083.798068478 -33250.136624746 -33442.573377299 -33659.15765836 -33875.716989965 -34054.083358366 -34158.609759514 -34169.270564441 -34086.706283532 -33931.27937494
-28206.859113249 -28687.82471881 -29154.9087856 -29556.24533675 -29852.808691587 -30030.828820471 -30102.30378823 -30106.166069077 -30085.564778234 -30079.86589649 -30098.520223519 -30130.461415142 -30156.863701323 -30185.287924486 -30206.459987508 -30228.093242956 -30272.962876601 -30355.132400906 -30482.378491736 -30655.153870363 -30858.620259325 -31064.477225054 -31231.241125411 -31334.251262843 -31384.406657574 -31374.543592397 -31344.903192119 -31338.724373541 -31388.448612911 -31518.571653621 -31727.322316881 -31989.576202977 -32267.965480479 -32532.538850743 -32768.935989155 -32963.720020135 -33127.6813199 -33288.141954091 -33462.236001485 -33654.255084316 -33853.531947673 -34028.667483473 -34144.601722377 -34177.101172402 -34116.425936022 -33970.514550183
-28188.403767596 -28640.548405038 -29088.414015763 -29465.09373645 -29738.686295516 -29899.527091177 -29957.302216818 -29952.9480294 -29931.133223957 -29928.049158252 -29960.817128967 -30020.376711224 -30104.502245015 -30183.355390244 -30242.901359756 -30279.885910215 -30310.708195476 -30363.970087364 -30459.005561177 -30603.50764089 -30790.233997196 -30996.48124804 -31190.479560147 -31336.083598466 -31410.206318672 -31433.901604617 -31425.301037867 -31417.556308604 -31453.715461614 -31558.664248177 -31743.680758379 -31991.034721571 -32270.713121575 -32550.44147626 -32797.913457357 -33007.213325849 -33189.324824973 -33353.851243785 -33516.393841324 -33688.756403662 -33865.386836174 -34028.877409225 -34145.77503541 -34189.263989139 -34146.397272849 -34004.664614224
-28294.372567204 -28680.758073847 -29083.209680365 -29397.686264381 -29606.22996043 -29713.971219059 -29735.379317641 -29706.313542197 -29669.544001491 -29668.113194442 -29721.480431258 -29807.345459549 -29941.76446749 -30076.011121844 -30185.556689905 -30264.025369812 -30316.017320472 -30372.503089181 -30454.632241656 -30577.521706877 -30747.903763657 -30954.225576279 -31169.549995977 -31356.881404129 -31468.9765485 -31542.584928922 -31567.38237884 -31562.765166736 -31582.104209178 -31657.061438491 -31808.469471725 -32025.266038108 -32292.949720138 -32585.923148 -32855.675431109 -33097.980290693 -33317.512573718 -33505.608013625 -33673.175733479 -33832.543311317 -33983.907350236 -34126.104747992 -34221.695985198 -34244.702730349 -34188.490507094 -34028.577392734
-28395.958385169 -28736.144763345 -29043.48116987 -29286.887296671 -29444.464988801 -29510.192635295 -29496.683236953 -29442.093645549 -29393.28704489 -29389.355259196 -29452.084608676 -29581.281256818 -29755.939659002 -29942.831422521 -30105.872005262 -30224.348855279 -30303.609240509 -30361.116748194 -30429.008923178 -30534.57374742 -30693.340940032 -30899.586637897 -31128.984721157 -31344.489539669 -31513.237159903 -31618.909017124 -31665.744159951 -31676.570030202 -31686.701025878 -31735.539802052 -31853.714674174 -32048.518912824 -32306.327538603 -32601.726630921 -32904.920100872 -33189.614801808 -33439.550029472 -33649.869677646 -33826.518403667 -33979.929545536 -34114.685377415 -34224.885437039 -34295.061412132 -34304.030039876 -34230.011483025 -34052.19496978
