Test data_DRK/Real data/Moho_Tc+Topo.grd
DSAA
181 201
-5400000 5400000
-6000000 6000000
-82227.448380695 -14740.977784717
[rows 180 to 199 of 201, columns 46 to 91 of 181]
-28379.732894586 -28660.289514653 -28903.687359965 -29078.786605391 -29176.951699283 -29198.474336624 -29157.975105583 -29088.504599471 -29032.262009777 -29027.063642778 -29096.316892513 -29244.244191247 -29451.663200475 -29684.02789188 -29893.506676673 -30055.51458044 -30180.999337826 -30259.723980276 -30333.253377633 -30428.317248584 -30570.28464125 -30758.588848883 -30976.245168114 -31191.710292034 -31371.727804266 -31497.681798317 -31572.259995748 -31610.192350745 -31638.429110422 -31694.435844995 -31812.851783322 -32007.080953265 -32268.812999642 -32577.066565659 -32906.082180638 -33226.739529374 -33514.117544188 -33752.252978846 -33942.767996019 -34097.734456379 -34223.32014054 -34315.547698534 -34362.602652457 -34348.977949821 -34255.984991237 -34062.881924244
-28333.779297928 -28540.299488933 -28714.317993013 -28836.173301301 -28893.763423346 -28885.614531123 -28824.986351394 -28742.137181446 -28679.74265236 -28676.752207755 -28757.402456568 -28925.154786472 -29161.027975009 -29429.780478584 -29683.095366843 -29894.314760124 -30051.007953809 -30155.81853786 -30237.43019321 -30326.120823699 -30449.794267737 -30618.800769255 -30824.199872037 -31039.775813469 -31235.144882483 -31386.966654062 -31486.171048974 -31542.729629192 -31583.175098181 -31644.819175226 -31764.728614226 -31961.349615627 -32232.799714839 -32561.279761405 -32917.008410139 -33266.634088933 -33581.812666152 -33842.171638428 -34044.84309878 -34197.863610823 -34308.602853956 -34380.682453154 -34409.152056412 -34380.150175116 -34274.309026683 -34068.679034563
-28203.978724794 -28359.126002966 -28509.594618058 -28603.548117195 -28636.535576697 -28617.098848885 -28554.512776933 -28474.305584874 -28413.859071137 -28409.24229076 -28488.036605852 -28657.791749745 -28901.481324721 -29186.899585737 -29475.977976854 -29731.144423327 -29911.524334903 -30042.456843508 -30147.948606568 -30247.879230323 -30359.5701912 -30503.74737333 -30676.526028567 -30861.962692852 -31040.762946835 -31190.493424941 -31298.480975202 -31370.365510324 -31428.818076427 -31507.880091218 -31646.025388631 -31858.721684871 -32141.828208086 -32480.412854446 -32846.765576546 -33207.635689086 -33533.627669455 -33804.172981664 -34012.849431188 -34166.111368813 -34273.909116228 -34342.096825193 -34367.868876375 -34338.673869686 -34235.420059668 -34034.371945814
-28096.520154607 -28203.752575246 -28302.502092545 -28365.581825873 -28387.24377695 -28366.594543787 -28307.958448895 -28233.096954599 -28175.939389706 -28170.573737312 -28244.481300616 -28408.646253152 -28654.247073459 -28951.043033192 -29261.501810301 -29546.888871443 -29770.55086263 -29942.678700285 -30074.051096079 -30180.43846431 -30281.126049001 -30401.848290336 -30544.695565313 -30699.676723893 -30852.217405253 -30985.997368775 -31093.271976649 -31178.553199096 -31256.052908607 -31354.661405122 -31510.347645902 -31737.129777341 -32031.740283776 -32379.791950194 -32754.172063497 -33122.407280145 -33454.754824392 -33730.66219338 -33943.542201836 -34099.178660316 -34207.429684606 -34275.026995675 -34301.222860014 -34275.327422478 -34178.686259684 -33986.547568658
-28044.817551286 -28118.277961858 -28179.375208375 -28222.521358034 -28237.957770001 -28219.687059257 -28167.351674838 -28097.521202048 -28040.991207216 -28030.968123054 -28094.31055527 -28236.607550039 -28472.024170557 -28767.520642805 -29088.463988479 -29397.022345206 -29662.71114649 -29874.372569524 -30035.962466412 -30170.530332255 -30280.577583637 -30388.525060164 -30509.32497082 -30637.870639325 -30763.420679448 -30874.640903416 -30967.078391582 -31046.585523564 -31128.963386439 -31239.286329245 -31402.815123451 -31632.403686176 -31926.405606896 -32269.838668424 -32637.12578132 -32997.282228634 -33322.011068614 -33593.402543594 -33805.025344085 -33960.970018057 -34070.406169406 -34139.971569444 -34169.146310892 -34149.165853542 -34064.25401392 -33886.509267456
-28043.01439715 -28090.743409849 -28132.071036019 -28165.799161205 -28181.899041717 -28169.575191262 -28124.110793099 -28058.377894705 -28000.04850554 -27978.320200121 -28019.192409333 -28132.054452775 -28345.134411848 -28630.263248295 -28953.966670906 -29279.713982247 -29575.592029052 -29832.743245642 -30044.127877026 -30218.707424969 -30347.855874512 -30455.764966709 -30562.33130936 -30666.678569695 -30762.510836554 -30842.1841219 -30909.157011043 -30973.903547505 -31050.567171562 -31158.928086601 -31319.471859656 -31542.562792691 -31824.052934834 -32147.664221407 -32490.765847051 -32828.263866495 -33136.684662971 -33397.699390227 -33603.604001437 -33758.09364509 -33869.778111328 -33944.893210437 -33982.442414922 -33973.091210148 -33900.712563703 -33738.582175788
-28035.786850103 -28061.18628046 -28090.541382222 -28120.321584791 -28138.191987702 -28131.118838515 -28091.981152342 -28028.565338946 -27963.387468798 -27924.767470366 -27944.353531116 -28046.734576504 -28234.766355829 -28503.364643812 -28831.24665971 -29181.918237808 -29520.20410676 -29820.395754475 -30068.699450595 -30260.903322014 -30409.315937503 -30526.584804636 -30618.545693595 -30693.561544219 -30757.36717096 -30812.464553145 -30862.93417274 -30918.274015427 -30988.074823306 -31090.559826293 -31241.864936716 -31449.759857897 -31714.302830172 -32018.824257814 -32339.053472111 -32656.055754591 -32950.068812053 -33199.645946861 -33399.07166888 -33553.200963115 -33667.459327896 -33745.953881371 -33788.019258064 -33785.58851744 -33723.041011854 -33577.826323909
-28085.080603752 -28102.272551669 -28122.480171835 -28147.905250448 -28164.785808424 -28158.298915353 -28120.358358567 -28057.164735948 -27989.341155664 -27934.81187557 -27934.922558959 -28024.650008661 -28187.183138066 -28434.388486255 -28752.283988882 -29107.05798262 -29466.614322454 -29799.592108016 -30083.30694654 -30299.658844131 -30478.433488251 -30623.414155662 -30728.031999444 -30801.518697798 -30852.50460373 -30890.16634727 -30922.325479201 -30963.215023212 -31012.264568581 -31091.17343153 -31214.604439359 -31388.040246518 -31630.866326254 -31913.567574049 -32192.412157201 -32475.42722323 -32751.951574094 -32988.905836613 -33180.344039724 -33329.40684156 -33438.934146427 -33508.674234239 -33540.863366531 -33531.783410755 -33465.634487455 -33323.848260498
-28126.814035617 -28134.921553118 -28150.677330153 -28172.553705016 -28187.746767127 -28182.026634336 -28145.774631383 -28083.313043923 -28012.162163947 -27952.711056504 -27937.847838756 -28000.03686982 -28139.421905699 -28369.287922051 -28676.361357817 -29029.979083688 -29399.323480234 -29755.607848554 -30076.198436898 -30338.678500636 -30551.420935776 -30716.504649534 -30831.999637205 -30907.171873028 -30951.969238488 -30975.076297458 -30986.499984276 -31002.914745162 -31030.289837156 -31088.817511084 -31189.689852892 -31338.556396109 -31543.029988225 -31784.416626627 -32038.394239431 -32299.089424083 -32554.853432093 -32779.545961011 -32962.634972971 -33105.042344742 -33207.754130086 -33271.787326284 -33296.736435844 -33278.28663772 -33206.84799482 -33066.548077428
-28071.655782085 -28080.843939108 -28099.690302571 -28127.118607551 -28147.750498273 -28149.558723422 -28124.070667551 -28073.304712774 -28022.015374602 -27977.515155593 -27962.707608126 -28016.722070127 -28152.517069573 -28366.843133912 -28655.928178862 -28996.918267736 -29358.552705738 -29712.790563165 -30034.63254681 -30314.594755093 -30544.136816377 -30719.048120722 -30841.729096768 -30919.701845594 -30962.469212316 -30979.582055614 -30982.257840362 -30983.347734465 -30998.065973521 -31038.201793876 -31116.998980376 -31250.320423828 -31426.257638675 -31639.358546744 -31884.800405102 -32136.161393611 -32373.983781725 -32586.074191623 -32760.36731621 -32893.036149355 -32984.565227202 -33041.915192765 -33058.102552547 -33017.05696953 -32925.506035753 -32779.76445568
-27950.206201082 -27966.024821328 -27992.634013169 -28030.001297067 -28060.989684894 -28076.047314769 -28068.094222979 -28038.876215668 -28015.337023145 -27999.02180994 -28001.497880004 -28064.967430572 -28199.626619626 -28403.050125188 -28674.981685053 -28995.398860046 -29336.363530643 -29670.895006525 -29975.964017835 -30248.874168565 -30478.240492768 -30655.567269265 -30781.668987072 -30862.892761748 -30907.623039048 -30923.804450188 -30922.671014608 -30917.746736487 -30924.126950361 -30953.659993723 -31019.774890342 -31138.473479179 -31294.874026712 -31488.531038644 -31721.791675967 -31964.908995997 -32196.839447274 -32405.253315989 -32575.492006241 -32699.585825537 -32774.902104603 -32813.329593601 -32805.36884771 -32737.556740236 -32626.354982558 -32469.708896134
-27826.687518869 -27851.054379248 -27884.825014724 -27925.869288014 -27966.761476406 -27998.836877158 -28013.345159533 -28013.040191529 -28009.03124932 -28013.89554904 -28044.92835461 -28121.764134601 -28254.550263938 -28447.365340544 -28699.11720289 -28992.477625229 -29306.642760724 -29623.571748723 -29922.170075619 -30187.885099868 -30411.963805291 -30589.080265177 -30717.091723817 -30800.453615725 -30846.479946485 -30862.987345538 -30859.971141814 -30849.717259484 -30846.485398487 -30864.911043796 -30919.107812277 -31018.02708038 -31161.712867146 -31346.377142197 -31562.480474624 -31793.243663848 -32020.491534004 -32225.554748436 -32391.747108751 -32509.323862452 -32574.196003982 -32586.652836538 -32548.182724395 -32461.0032202 -32331.479009429 -32161.427415683
-27580.008278406 -27621.720744894 -27674.27597677 -27736.358201717 -27809.012431403 -27883.86639466 -27955.098503251 -28000.354802117 -28043.325186914 -28099.913341287 -28180.407473571 -28313.893066946 -28472.523553963 -28664.133902677 -28891.352017568 -29138.398294274 -29395.097236949 -29688.734226559 -29953.714571048 -30163.979906886 -30331.769863952 -30462.215822331 -30557.753574816 -30621.49752132 -30658.564443423 -30673.137305536 -30670.107992596 -30662.205926899 -30664.092344942 -30687.019352401 -30744.335448435 -30845.143911425 -30991.124254134 -31180.094484197 -31399.619089839 -31631.993782434 -31861.968288659 -32068.578362714 -32231.138137316 -32338.342930514 -32387.945618244 -32381.18524797 -32321.286404093 -32214.874883745 -32069.08601105 -31889.700597943
-27323.663315755 -27387.846715829 -27467.86459256 -27561.598383079 -27665.851558919 -27776.631629778 -27890.722632439 -27985.757848561 -28084.684515579 -28208.195363516 -28351.364656655 -28527.053156311 -28704.528822891 -28896.082617169 -29106.927508299 -29323.183979456 -29534.510521433 -29762.060608417 -29955.399561123 -30106.955166565 -30230.587431634 -30326.40693861 -30395.231087739 -30440.077726319 -30464.725312182 -30473.523705555 -30471.102063849 -30467.083501752 -30473.772808482 -30501.582422211 -30563.462213713 -30668.25606034 -30818.383684421 -31011.788858087 -31235.980933828 -31472.722697989 -31705.986296749 -31914.170409419 -32075.465467733 -32177.149839363 -32213.435421832 -32184.938296817 -32099.965371171 -31971.498303104 -31809.387238093 -31620.60221904
-27102.447156881 -27188.053257303 -27292.012997276 -27411.213238171 -27544.691662892 -27690.729042328 -27846.579789679 -28010.111653636 -28180.526185199 -28362.574184864 -28549.128655132 -28738.53669769 -28936.187666754 -29137.540385828 -29334.239019668 -29520.514341148 -29691.071397896 -29841.229607659 -29963.152727083 -30063.932514455 -30145.138655335 -30205.705057175 -30246.887414896 -30271.704451335 -30283.319922872 -30285.022414928 -30281.75499136 -30280.577844465 -30290.848576611 -30323.752331312 -30391.325760781 -30500.864148428 -30654.475105036 -30849.076512558 -31074.9735111 -31316.50083294 -31553.605079573 -31762.816601782 -31922.799738016 -32019.78369333 -32047.280514759 -32005.927230435 -31903.304892152 -31752.071739677 -31568.474544129 -31368.572997134
-26992.699492542 -27095.955409955 -27234.588026659 -27382.625762764 -27543.289319672 -27720.657656249 -27912.317909925 -28115.690030777 -28328.443509401 -28579.038444589 -28812.158623086 -29016.576828732 -29230.9891017 -29438.748937099 -29624.084201235 -29785.971785711 -29921.567523455 -30028.807872716 -30072.306820886 -30108.257739341 -30145.205940973 -30166.848577071 -30175.495384 -30174.563568645 -30167.095016534 -30155.883280878 -30144.876008702 -30140.715928165 -30152.023033808 -30187.572491948 -30258.246912707 -30370.23083689 -30524.734183511 -30719.20993552 -30944.378901971 -31185.017101891 -31420.735131809 -31628.231791302 -31786.365359689 -31880.945778587 -31905.374370666 -31860.200843677 -31752.507340059 -31595.492756222 -31408.430048592 -31208.718086532
-26884.983110046 -27011.475176888 -27172.340135945 -27349.348286828 -27541.423562869 -27750.942753146 -27978.478344263 -28221.715009001 -28481.435004739 -28776.856246303 -29056.773939224 -29299.861560507 -29531.63316246 -29739.950717021 -29912.848649562 -30049.996264733 -30142.686408746 -30190.866204444 -30179.108462812 -30157.995905079 -30145.612687698 -30128.145979071 -30104.18170228 -30077.430163386 -30048.50394504 -30022.841434607 -30005.765965657 -30000.784307312 -30013.691839167 -30051.759012054 -30124.919462176 -30238.993226926 -30394.822480647 -30589.571544493 -30813.968204813 -31053.312678748 -31287.635957099 -31493.53899045 -31649.747364718 -31741.530582189 -31761.67402437 -31711.005147833 -31598.295160964 -31437.702346915 -31248.589982305 -31049.127971147
-26846.715651355 -26989.805195906 -27154.427052899 -27343.174148348 -27557.835973354 -27798.850452636 -28062.719488204 -28351.43744314 -28653.96190705 -28959.762534643 -29258.210750952 -29537.090018987 -29784.661837826 -29989.538220027 -30142.62065278 -30242.897257507 -30293.468493118 -30300.511981999 -30273.404892086 -30222.969488117 -30160.083238053 -30093.908030558 -30032.441036556 -29979.707575288 -29936.980768771 -29904.995197363 -29884.810178708 -29878.854391354 -29891.794900654 -29929.886862561 -30002.726125839 -30115.937788612 -30268.468552112 -30461.07753582 -30683.525043391 -30918.845668195 -31148.971159733 -31350.897796548 -31503.691785498 -31593.555744013 -31612.582140889 -31559.512321079 -31444.674259675 -31284.300451355 -31096.868740575 -30900.658437529
-27024.790839042 -27167.882054848 -27330.873661743 -27515.13446361 -27721.227689809 -27950.335137441 -28202.724057817 -28480.177936278 -28770.825097805 -29064.09833248 -29349.620162197 -29612.27583986 -29841.036777808 -30027.767704166 -30166.10267889 -30253.547592938 -30292.320858763 -30288.993205189 -30253.034543858 -30194.370243021 -30125.125721469 -30055.305826275 -29991.973061051 -29937.977510629 -29894.059797979 -29860.514804687 -29837.70000448 -29826.862164715 -29831.966664169 -29861.02316013 -29923.82437962 -30025.278779324 -30156.3329942 -30336.484519836 -30548.7232247 -30766.256798761 -30981.797620615 -31175.592026221 -31325.811731401 -31420.515387759 -31449.772353479 -31401.930961136 -31295.655672828 -31151.860843829 -30978.724986846 -30791.768500833
-27202.898833626 -27345.320977319 -27504.715873185 -27682.638070056 -27880.978063499 -28100.91742689 -28342.830805442 -28608.958050943 -28886.626383574 -29163.283801209 -29430.419729652 -29677.068421563 -29891.657229286 -30064.592102935 -30189.414696948 -30264.005536242 -30289.567610733 -30273.231962784 -30226.713553388 -30161.715226309 -30088.778434224 -30016.499739743 -29951.414514537 -29896.215904831 -29850.770515377 -29814.626786605 -29787.914815068 -29772.156107794 -29771.022158978 -29791.980267615 -29844.81979832 -29934.082680439 -30050.441190599 -30209.978919023 -30402.846017852 -30607.188414337 -30812.916001747 -31000.233903968 -31147.834241112 -31244.004687803 -31280.244277696 -31246.913013902 -31156.096894662 -31024.366706127 -30861.767764959 -30682.79226101
