Test data_DRK/Real data/Moho_Tc+Topo.grd
DSAA
181 201
-5400000 5400000
-6000000 6000000
-82227.448380695 -14740.977784717
[rows 140 to 159 of 201, columns 0 to 45 of 181]
-30178.4000064 -31523.992699498 -32919.376015722 -34081.172869328 -34921.874660868 -35292.192753475 -34852.285672428 -33670.836538038 -32231.386907288 -31056.260531074 -30258.206666444 -29499.416886206 -28336.807985622 -26779.325572983 -25205.601898763 -23992.617513871 -23198.871574988 -22753.410906517 -22671.009011568 -23033.140023801 -23872.591094115 -25080.384169698 -26439.015017636 -27789.67106219 -29064.057349718 -30189.218609517 -31084.298237903 -31674.059503635 -31943.48446365 -31972.557158264 -31871.501673005 -31588.630897643 -31081.092867695 -30237.865562295 -29070.498679006 -27714.40778618 -26516.665986705 -25699.504441897 -25219.45360755 -24940.631674949 -24917.058912183 -25063.753611601 -25555.229678994 -26485.330788005 -27557.417993094 -28403.597491577
-30144.51752415 -31512.474771567 -33017.649796751 -34159.267222037 -34947.613337873 -35332.602337825 -35015.332911496 -33968.315961339 -32558.792073085 -31268.417535193 -30288.233382163 -29447.271974353 -28431.466188127 -27106.08736377 -25658.180611548 -24449.370549358 -23622.773358366 -23183.767055628 -23148.281524982 -23550.196574997 -24362.884175022 -25461.26138928 -26646.500871722 -27749.652249905 -28717.896306396 -29522.141215831 -30096.575168215 -30393.675495704 -30412.977033824 -30243.973974288 -29967.055125325 -29568.765525404 -29018.842056001 -28245.643344296 -27288.526341743 -26410.341341383 -25746.055184802 -25383.376007993 -25241.054042438 -25250.84818785 -25358.229293885 -25654.846997694 -26264.188146184 -27196.549439075 -28261.333821099 -29127.984613354
-29875.557995308 -31294.840086215 -32842.598572194 -34018.948131156 -34863.630135275 -35301.62364029 -35065.591061119 -34102.489437053 -32703.233234693 -31333.095708829 -30277.339339675 -29454.082884438 -28596.290329141 -27535.185356007 -26332.491566702 -25274.31652148 -24530.744643056 -24155.844249329 -24161.897552309 -24539.81999333 -25204.871427231 -26015.501311882 -26827.378999122 -27538.216657184 -28147.473929101 -28650.43954734 -28979.474535444 -29034.959046247 -28797.971007297 -28379.220572205 -27921.822320718 -27465.230513904 -27091.76533147 -26711.320165012 -26216.113044673 -25909.630440373 -25775.757435628 -25744.226128357 -25805.075547871 -25919.70335922 -26086.441447923 -26382.025083011 -26911.799995219 -27692.172811368 -28596.443186915 -29365.115507516
-29357.786022777 -30867.328300891 -32391.886880433 -33727.38515621 -34674.628598089 -35160.878726124 -34972.899393046 -34111.328873073 -32828.078148829 -31518.151762601 -30458.068632538 -29640.896662095 -28871.802490735 -28016.348382352 -27104.82014607 -26306.563925474 -25739.481285392 -25451.987556308 -25454.596038517 -25722.341267865 -26146.877550935 -26576.035864699 -26913.304282462 -27169.507920308 -27426.584212693 -27699.273003853 -27877.85160632 -27810.747665887 -27440.269208616 -26874.864930464 -26326.408347068 -25938.753470374 -25757.377683119 -25810.287186949 -25969.440303228 -26152.562903382 -26376.734898936 -26524.534070567 -26613.41476719 -26699.743342039 -26837.061939879 -27074.851946986 -27476.849020984 -28041.939694652 -28683.069479208 -29243.97546957
-28505.660007399 -30097.208660051 -31707.249530444 -33158.570272479 -34187.546315203 -34701.978336664 -34591.389692593 -33933.920871068 -32952.823201892 -31894.405234846 -30934.006640393 -30092.466072635 -29300.448282275 -28520.45915841 -27810.81229743 -27251.64633631 -26871.777513135 -26667.259238684 -26637.3111748 -26757.981782354 -26937.357762815 -27042.306543543 -26990.366880707 -26877.636044015 -26858.095474662 -26972.417888753 -27084.325623524 -26990.121788595 -26597.434390442 -26015.563927629 -25498.086642448 -25239.910413106 -25308.37254345 -25646.985073063 -26151.902650449 -26671.985753389 -27076.907214461 -27280.087066243 -27348.227172802 -27404.131881747 -27535.375111005 -27759.719572115 -28057.670504557 -28405.942122353 -28772.882094671 -29072.204046825
-27817.967524018 -29309.012607551 -30798.502712457 -32223.747916729 -33216.011175814 -33750.949841862 -33797.113516325 -33458.865314304 -32917.443771462 -32256.122092907 -31512.083053746 -30690.03330391 -29823.248173244 -29002.442793755 -28342.18573492 -27885.967298818 -27608.534784587 -27456.068612295 -27406.763463937 -27435.147714798 -27459.780853597 -27368.232419634 -27129.166240926 -26845.771113255 -26695.764509065 -26728.690157138 -26802.586882434 -26705.013636619 -26337.603003466 -25804.490934818 -25357.947895198 -25195.236850216 -25379.55923439 -25787.000842689 -26367.666060338 -26965.937972279 -27429.704992615 -27678.576491069 -27790.282602919 -27896.005423116 -28078.671390647 -28324.31816234 -28565.416683955 -28752.132099148 -28884.012863313 -28966.789965607
-27225.873006661 -28581.16056892 -29898.541071356 -31166.162323585 -32033.481827745 -32596.238624741 -32864.060233238 -32896.497502627 -32733.104377707 -32401.204091595 -31863.479969562 -31127.040494274 -30270.885479732 -29437.841696033 -28785.629695988 -28347.608233154 -28082.696843869 -27938.679675709 -27879.585666741 -27859.912172749 -27792.007855418 -27583.293327838 -27238.224389821 -26900.720455401 -26732.676158261 -26758.665893808 -26826.866401833 -26732.993398381 -26395.276189753 -25920.879712442 -25547.1821429 -25434.622632425 -25608.659122516 -25971.502030116 -26484.885197969 -27036.194203374 -27499.315977509 -27809.594546594 -28013.768574778 -28205.616802189 -28433.190681269 -28664.942424419 -28834.161505844 -28887.031767338 -28858.851824335 -28813.545493605
-26984.874992015 -28097.88711095 -29251.948894012 -30181.772379088 -30931.27314462 -31563.595717683 -32051.611448398 -32370.446013687 -32478.47682886 -32337.467500006 -31939.049971243 -31340.593179769 -30610.604546539 -29856.674932114 -29201.167799298 -28725.673409084 -28428.40078156 -28274.764572123 -28216.778893703 -28174.010459432 -28034.551119768 -27728.023506163 -27317.414601955 -26967.753355767 -26822.644781525 -26877.735308162 -26970.212715816 -26903.488350828 -26615.809462613 -26210.290602101 -25900.740409792 -25811.165806479 -25946.780742569 -26248.109431082 -26637.233498557 -27069.403415358 -27488.022003544 -27844.737510084 -28135.280129157 -28393.19104789 -28616.056826769 -28785.77521348 -28873.459176646 -28832.003822863 -28736.383570893 -28674.053616671
-27084.839991498 -27903.082768116 -28715.281533461 -29450.775827811 -30175.401069214 -30925.893842413 -31577.337837257 -32010.006854401 -32169.617587547 -32083.029291065 -31813.722893497 -31407.040167577 -30890.252936528 -30285.495021772 -29638.756289132 -29088.511692254 -28722.559055587 -28555.577652172 -28515.053999325 -28463.562845302 -28258.760025609 -27846.945973195 -27354.47953194 -26985.307512129 -26871.293319893 -26974.687100239 -27113.305209502 -27098.014479065 -26881.014719578 -26561.160158445 -26324.537657711 -26266.368248079 -26376.089122994 -26595.35197911 -26883.382083293 -27228.968160738 -27579.422810424 -27919.924125358 -28222.814953864 -28478.280139088 -28671.990454769 -28775.037915958 -28770.324821583 -28691.3221176 -28623.723437564 -28639.904523775
-27313.077515468 -27925.825807571 -28531.599013207 -29170.164070631 -29962.51344913 -30843.630287956 -31572.451847756 -31960.378516925 -31993.651786542 -31825.27487452 -31628.000868804 -31442.123325861 -31170.630192185 -30697.691767786 -30042.111447044 -29388.574293051 -28928.448880808 -28746.544445147 -28751.08581659 -28730.915575351 -28494.98722801 -28004.128809798 -27423.695597395 -27003.362044089 -26879.605251287 -27002.298008283 -27183.04045163 -27236.531062768 -27105.152686778 -26876.764905764 -26724.00439413 -26727.070442373 -26875.061025977 -27108.466850422 -27374.719462974 -27647.5738791 -27900.626620274 -28132.98347219 -28332.354182662 -28494.094171561 -28603.976896331 -28656.579870305 -28643.228820879 -28619.176001016 -28658.138266353 -28804.554131011
-27538.175000342 -28052.625956759 -28571.774189126 -29191.125846205 -30063.460539152 -31037.990972376 -31775.2674925 -32072.225057742 -31976.657767684 -31731.492469337 -31577.986110675 -31528.107263324 -31385.469981439 -30940.880701805 -30196.639163099 -29413.887505783 -28860.502825871 -28676.095574751 -28759.160010947 -28842.357897654 -28682.388893036 -28215.131249517 -27625.429700198 -27177.908605303 -27008.103348645 -27080.515274485 -27230.484445707 -27301.906245939 -27235.910564518 -27089.588611294 -26999.458324024 -27053.740571013 -27267.298909524 -27581.767122599 -27913.64692411 -28182.992412871 -28348.354993217 -28416.436002304 -28442.431639757 -28446.420454205 -28445.027783421 -28477.257065563 -28512.309150771 -28601.945563255 -28790.000029845 -29066.56877621
-27746.172984878 -28202.148147539 -28665.069294016 -29279.845734464 -30177.88436653 -31149.374573851 -31837.48675745 -32050.326615108 -31904.691879196 -31685.183249968 -31605.082761465 -31621.689183291 -31476.625280081 -30942.444826902 -30061.279321161 -29157.201529051 -28562.91172017 -28415.545240029 -28591.827586836 -28798.107289209 -28770.318579422 -28421.326496002 -27899.69798967 -27460.158715181 -27242.158583457 -27232.532799748 -27305.225336184 -27353.89164625 -27325.316612748 -27237.143631621 -27185.391314228 -27262.655045395 -27516.48741747 -27901.522146756 -28310.875215151 -28615.64188407 -28747.78959819 -28662.637662947 -28508.87486233 -28355.290699239 -28268.55250701 -28268.296227417 -28359.856206105 -28553.369456698 -28856.70625775 -29226.275721382
-27935.795945082 -28355.431677056 -28777.456505051 -29369.084364692 -30216.541673782 -31090.13598323 -31693.983583893 -31879.51349196 -31783.856717681 -31655.003220562 -31633.119113071 -31624.32936181 -31373.499707782 -30693.832408266 -29694.935550118 -28741.610339466 -28168.086932034 -28087.649473445 -28348.434402193 -28654.027810309 -28759.804922467 -28575.1663234 -28189.914842179 -27800.143819457 -27527.903163997 -27406.03554364 -27394.812306573 -27421.725391954 -27429.650931944 -27386.716986599 -27339.779321957 -27384.068318175 -27602.910233964 -28004.003678774 -28487.852131957 -28885.103826292 -29048.841568978 -28910.182388377 -28606.943946345 -28312.097207696 -28141.144858304 -28126.881758165 -28252.544002887 -28499.480618522 -28852.911637485 -29255.889997747
-28102.634495668 -28504.917628339 -28907.600723913 -29435.117321593 -30142.64139057 -30862.098749546 -31364.13603942 -31559.307278521 -31572.849186045 -31560.694632468 -31557.373294276 -31437.2541757 -31016.329328354 -30222.266684425 -29206.326283 -28327.535652986 -27856.037133153 -27841.582344765 -28119.782859475 -28448.408984553 -28637.469877773 -28599.061027754 -28377.926727097 -28090.82152147 -27817.381979998 -27624.418617706 -27551.81011461 -27587.729912727 -27660.560346171 -27673.220098687 -27608.581898079 -27553.543456995 -27650.519913665 -27997.781407006 -28496.64008555 -28968.738316511 -29210.226631664 -29110.099610493 -28790.025599159 -28445.680736816 -28227.832569331 -28187.945401556 -28304.065443992 -28538.057139728 -28863.919202504 -29232.430740284
-28246.184997135 -28665.900231512 -29095.211628488 -29588.682405467 -30176.538845928 -30737.478499005 -31142.945016749 -31351.64726639 -31437.959931893 -31477.326069455 -31405.088820666 -31128.445588735 -30550.717380477 -29699.950553708 -28779.889669085 -28072.455014932 -27747.04313262 -27781.17203025 -28000.403995832 -28240.18158377 -28412.5153044 -28477.351801988 -28410.39931155 -28245.4025711 -28034.639762109 -27857.474070909 -27804.845004958 -27913.843316168 -28103.678298605 -28203.647786435 -28120.142819165 -27938.702613492 -27853.759974142 -28075.086522286 -28470.447199554 -28940.877219373 -29262.363599373 -29262.267132836 -29020.785809455 -28733.198191044 -28558.521021702 -28536.434863246 -28644.357750078 -28842.547235922 -29102.48009459 -29400.967518214
-28399.212495736 -28839.555009577 -29318.634732741 -29802.546351432 -30306.007073468 -30763.602486862 -31100.587109433 -31320.552038792 -31441.404443993 -31446.228722926 -31207.364616972 -30751.818915421 -30056.764194369 -29192.108579429 -28415.16150452 -27900.41810664 -27689.00855729 -27700.659237262 -27813.524281599 -27939.311850183 -28080.488357982 -28240.854061411 -28348.797818241 -28347.011952275 -28242.969843678 -28134.204984582 -28151.754940387 -28364.37198761 -28677.845414861 -28868.09832685 -28795.740010444 -28527.41488195 -28274.257804464 -28245.977760567 -28460.969649577 -28880.641989671 -29241.660005306 -29356.748480191 -29227.460447829 -29039.723741345 -28953.576957005 -28977.389581744 -29093.673362024 -29273.937879645 -29483.088451432 -29717.485666753
-28566.870040545 -29023.956463413 -29545.951587912 -30053.921267747 -30524.076080382 -30922.873521339 -31227.567842341 -31441.922358873 -31540.054111824 -31447.233307501 -31081.278426166 -30430.763629604 -29584.658417391 -28717.854873508 -28053.201883097 -27665.951635269 -27497.767602081 -27433.553241173 -27407.257205484 -27440.081031821 -27594.590859858 -27877.301281117 -28187.752132311 -28395.665057669 -28466.463102098 -28488.293443031 -28612.997921085 -28920.091480561 -29321.255038501 -29576.539891998 -29503.165644151 -29141.075157641 -28699.578016934 -28449.275284314 -28512.642486466 -28821.438097852 -29152.888377741 -29320.1995263 -29313.947685915 -29250.864842988 -29249.210013399 -29348.315370198 -29518.529356824 -29710.969920016 -29904.25739567 -30110.31350858
-28725.304008718 -29186.38312611 -29687.381751918 -30178.072117088 -30629.936233962 -31023.090607364 -31338.624939947 -31561.589762057 -31638.716578906 -31465.438604683 -30973.113012098 -30181.172881594 -29222.553071222 -28299.063975941 -27608.850154097 -27175.641186195 -26915.442321683 -26722.753405775 -26591.393653257 -26609.814985399 -26877.489551614 -27378.656346151 -27939.372316847 -28392.90780307 -28682.353574894 -28863.513750683 -29080.092093271 -29422.42524132 -29825.837212849 -30075.982189103 -29993.623327294 -29606.938166626 -29071.572960559 -28687.716592411 -28604.996757672 -28791.980063452 -29026.937688152 -29168.895392979 -29192.674728058 -29182.651544556 -29235.33978104 -29379.848075827 -29586.457516452 -29813.204099827 -30044.089610349 -30293.401714893
-28840.762994695 -29246.138378356 -29723.700567279 -30147.132702288 -30556.278283951 -30943.609459115 -31279.830718844 -31519.778181972 -31582.950223238 -31369.730066316 -30820.055877739 -29967.98329428 -28949.95133536 -27953.632135844 -27161.077337451 -26577.409649696 -26140.272677488 -25802.436288488 -25602.493393038 -25668.284161302 -26104.546207961 -26859.362959025 -27710.413615242 -28433.94756633 -28920.690490824 -29224.796369485 -29493.29691012 -29816.9847954 -30157.116187641 -30351.823026416 -30241.87547457 -29840.99610256 -29325.31386866 -28919.074608913 -28753.467242474 -28802.236354923 -28943.822790792 -29050.841206675 -29081.759942583 -29089.167810247 -29143.823894996 -29275.415940149 -29463.831611705 -29688.76985832 -29949.941218232 -30257.559753805
-28920.681979193 -29221.173214167 -29592.152025011 -29927.613049342 -30298.189454567 -30681.692276411 -31041.341459518 -31312.97731595 -31402.767770426 -31212.062681301 -30694.676184581 -29848.251908256 -28804.210852415 -27733.141050962 -26776.000583881 -25968.820602856 -25307.871053985 -24817.483536755 -24594.930729897 -24760.766004921 -25374.965716948 -26355.258012014 -27462.195745206 -28421.714164105 -29096.131444498 -29510.473695912 -29790.099924099 -30045.41833405 -30280.108579142 -30381.599119117 -30236.008797576 -29860.492487357 -29395.474257701 -29022.676389688 -28832.939173455 -28829.571245334 -28920.912986555 -28995.152646928 -29012.189328898 -29002.976884962 -29007.265226176 -29065.052712673 -29198.036220869 -29391.121992787 -29664.39734752 -30040.51137857
