Test data_DRK/Real data/Moho_Tc+Topo.grd
DSAA
181 201
-5400000 5400000
-6000000 6000000
-82227.448380695 -14740.977784717
[rows 140 to 159 of 201, columns 46 to 91 of 181]
-28939.294659146 -29345.70860794 -29807.651366001 -30352.564592719 -30813.647819249 -31203.49532987 -31805.040453599 -32826.704437272 -34297.712973814 -35911.018323927 -37283.405991994 -38258.197155056 -38904.465545755 -39370.312573192 -39703.619970585 -39875.483027703 -39992.334488205 -40315.584507622 -40956.22597741 -41890.788082068 -43006.326976035 -44194.304429677 -45439.484897081 -46957.299877908 -48764.009396452 -50698.797149397 -52444.290014965 -54159.535713159 -55965.167428343 -57982.968384025 -59904.584084176 -61475.72520542 -62301.772968313 -61905.353198631 -61177.394463359 -60679.387006539 -60600.91602348 -61195.387983957 -62051.127999091 -62272.731101654 -61403.041956841 -59903.268505322 -57978.553573623 -55560.484316176 -53290.004994976 -51136.031061565
-29638.365381357 -29897.681195707 -30115.38594308 -30413.538342082 -30868.56335409 -31379.004807172 -31962.30238294 -32741.646747512 -33734.434667323 -34771.041310283 -35690.284707216 -36446.819996078 -37120.625802809 -37796.195165305 -38416.859038902 -38851.617546935 -39214.653181265 -39675.22408583 -40410.315767429 -41457.282276971 -42660.759478781 -43937.309499625 -45226.243915021 -46713.688219863 -48434.538634455 -50196.403262614 -51866.672849328 -53600.361129048 -55377.621432213 -57433.023673168 -59458.420656675 -61140.638069578 -62195.625351801 -62174.853944772 -61793.311200438 -61491.929396428 -61600.740500878 -62164.568826305 -62478.914251098 -62145.943733145 -60832.114538822 -59065.370249489 -57138.00515289 -54640.273013627 -52354.578851793 -50297.721139772
-29782.986361258 -29894.324140036 -29948.404722796 -30191.299277704 -30719.23419463 -31452.332333318 -32192.493164213 -32879.559766758 -33543.258341162 -34152.932030311 -34785.288122927 -35448.717337068 -36149.825057333 -36925.773622091 -37687.14103405 -38311.047564652 -38805.903764747 -39338.594445547 -40083.819745376 -41064.784625788 -42192.656487115 -43434.63691584 -44909.620968766 -46382.086212039 -47901.210765786 -49538.718972987 -51062.038230279 -52593.565942278 -54408.832133482 -56427.02571576 -58678.034828609 -60366.17396224 -61657.511092538 -62245.824651073 -62527.559135727 -62534.647466404 -62744.159493771 -62955.630601128 -62676.273347204 -61724.450145803 -60107.542945341 -58069.948193548 -55645.497015381 -53083.164403235 -50753.671959765 -48845.465141068
-29533.928451854 -29567.583353477 -29576.476769132 -29831.100262267 -30455.69822817 -31339.580464047 -32237.91029259 -32971.631499399 -33540.531196183 -34035.614552725 -34530.788987964 -35066.43799971 -35689.489675773 -36413.062684469 -37158.58898405 -37823.656816128 -38369.246088032 -38888.126648854 -39524.364113054 -40361.651796691 -41401.590792735 -42644.516413859 -44139.895469835 -45734.578828062 -47148.448411767 -48536.543371747 -49965.690203105 -51453.943209186 -53258.119227601 -55412.256507835 -57652.727768164 -59498.747510266 -60555.87941338 -61547.062746634 -62412.240934662 -62901.405320761 -63066.650932309 -62916.936530017 -62112.350401738 -60860.523178422 -59089.398944279 -56473.05454552 -53589.332794523 -51171.336947478 -49004.861784552 -47341.250278905
-29202.346443156 -29191.072592235 -29214.776541 -29491.51119707 -30124.371108108 -31020.466009177 -31946.610167393 -32722.885733311 -33345.656409249 -33897.216473102 -34414.257330238 -34912.469504505 -35413.70769444 -35966.388267671 -36575.262682483 -37180.764719417 -37727.113256035 -38227.915812365 -38773.527784128 -39477.343873604 -40435.49023918 -41680.54663328 -43203.464890879 -44922.390305913 -46473.903372832 -47651.493296629 -48879.456791598 -50346.802134198 -51883.05949181 -54011.212716719 -56193.846155122 -58232.561746793 -59651.044852225 -60364.809739548 -61372.523098693 -61825.853419414 -62069.664994395 -61835.996984178 -61000.751738257 -59621.282255757 -57246.532046728 -54297.832055208 -51702.638591706 -49412.470496784 -47626.266042499 -46355.161583399
-28973.916650878 -28943.50525654 -29008.427827281 -29295.0034792 -29852.623057454 -30620.094801245 -31442.133857664 -32190.447296531 -32880.978000963 -33561.293435911 -34193.482501038 -34731.847405034 -35164.620113475 -35578.644530448 -36054.181668992 -36589.157245755 -37128.543349999 -37632.902525351 -38137.346512896 -38741.16241626 -39593.150414381 -40753.060154839 -42191.967027065 -43787.093449494 -45381.68373985 -46602.437480927 -47720.789479934 -49017.016051122 -50409.135236893 -52304.951838144 -54363.129006006 -56415.49784291 -57951.500936056 -59060.2109087 -60084.196023434 -60370.104151909 -60553.946304417 -60212.980920475 -59271.92150897 -57574.499733696 -54976.073662467 -52248.280959825 -49951.79307169 -48073.048082972 -46824.513174986 -45927.594486324
-28790.41622549 -28804.808880945 -28929.544316876 -29230.714495135 -29714.040497934 -30326.832523282 -31007.003181266 -31695.413962484 -32411.054395061 -33132.849006055 -33842.470084547 -34450.561678139 -34909.974344981 -35281.81204238 -35684.636697684 -36172.481558803 -36692.531626023 -37183.513221397 -37646.262173277 -38170.103952937 -38895.346680038 -39889.701649146 -41147.746137217 -42549.052393445 -43934.60469194 -45314.619868517 -46661.472054077 -47784.446485429 -48974.159410449 -50499.152152121 -52288.731304744 -54241.278180317 -56038.045318709 -57286.720363065 -58033.148079136 -58230.23381857 -58299.16996442 -57931.047770687 -56804.043676266 -54973.58613923 -52578.418307701 -50213.040554799 -48304.32309883 -47063.250770007 -46382.18557898 -45745.094957956
-28689.239372139 -28801.401773608 -28981.945512189 -29267.408633976 -29667.510092585 -30168.761167539 -30729.38397311 -31332.860476335 -31995.61548032 -32716.846303353 -33435.434207161 -34062.029498445 -34555.295397236 -34957.629640385 -35361.339323474 -35817.062753862 -36299.001157427 -36759.459245882 -37177.419796305 -37614.947539404 -38220.463092355 -39054.601334311 -40112.871900963 -41316.56693109 -42573.006875727 -43813.832433804 -45025.970288887 -46208.850677484 -47332.807116376 -48489.824512673 -49851.852397627 -51426.209132096 -53090.901274644 -54631.614889039 -55168.702464528 -55376.918902423 -55343.970197702 -55039.927405439 -54124.382168264 -52361.799971968 -50532.91554629 -48658.007157745 -47259.181810266 -46461.915890067 -46014.286011059 -45611.759773905
-28760.041421051 -28928.463112217 -29136.989450515 -29380.749472548 -29719.126546999 -30137.302597395 -30615.718615981 -31141.432208999 -31706.708173937 -32316.36381822 -32946.576693629 -33541.665560151 -34058.823650988 -34512.881543661 -34948.174686271 -35401.136824589 -35856.163784291 -36273.155324928 -36650.233289973 -37049.261535996 -37557.114342374 -38255.460530339 -39157.87637064 -40220.86066807 -41376.145877669 -42553.528053454 -43694.54596347 -44714.298374234 -45607.856355027 -46444.13444019 -47376.792223797 -48477.440714998 -49693.381181884 -50842.978985395 -51758.70711286 -52274.689294578 -52251.036757088 -51656.71159337 -50617.881122982 -49283.256178076 -47883.001826219 -46689.00545156 -45944.050697629 -45663.942033725 -45579.416943483 -45396.493533264
-29027.077774083 -29234.628790487 -29393.001526832 -29537.014568123 -29764.259410744 -30117.48707929 -30572.740075476 -31061.003133408 -31531.214236752 -31972.615585481 -32428.309299983 -32918.391766141 -33407.887262462 -33883.743710307 -34350.904489463 -34819.19157461 -35279.425343166 -35709.754994322 -36103.250278954 -36494.248709858 -36952.137899866 -37564.808847389 -38381.283256896 -39376.794565719 -40486.596604698 -41618.290689722 -42675.519791109 -43569.40400908 -44279.120643201 -44870.679875719 -45459.053853826 -46115.46674834 -46872.641201215 -47605.79417346 -48215.89109129 -48598.490325718 -48614.216224654 -48206.127399045 -47474.356460401 -46586.832439258 -45749.206476995 -45152.861349565 -44902.406420755 -44936.562053569 -45036.80002201 -44988.890067122
-29357.492505726 -29555.174872635 -29604.538336787 -29602.494885491 -29694.838896363 -29976.515864962 -30427.377760547 -30924.089401834 -31368.427457253 -31697.964611227 -32008.152258718 -32379.094176541 -32785.469418663 -33225.937067339 -33703.174998813 -34213.025166118 -34742.048614518 -35255.553736453 -35712.086643363 -36118.517388381 -36524.177455119 -37036.295154125 -37762.584961968 -38698.800890525 -39771.512477579 -40856.518925772 -41822.839946374 -42611.008604573 -43216.676128007 -43678.479143604 -44067.656685901 -44451.684754184 -44913.913299267 -45324.272315301 -45686.983304638 -45979.701228051 -46043.26943841 -45811.756181437 -45317.571697711 -44712.581987445 -44210.513041992 -43953.759113389 -43966.795033394 -44150.5729254 -44330.974992935 -44358.9522409
-29550.077841728 -29711.326838895 -29650.538901739 -29528.421391255 -29524.432208679 -29754.688414894 -30202.329233793 -30720.746351464 -31166.607467901 -31495.091539475 -31755.665809046 -31998.872635701 -32309.100263513 -32700.682785284 -33178.395832975 -33748.862742954 -34385.831087401 -35006.790899486 -35520.020244444 -35919.004370337 -36229.457809347 -36597.380959138 -37190.786620271 -38036.2425459 -39036.847571282 -40050.143766748 -40918.743402755 -41616.343715225 -42169.458047217 -42607.806784425 -42968.296596411 -43271.915246719 -43504.850134101 -43732.804401352 -43996.520844266 -44216.346368797 -44318.333838375 -44232.105875219 -43944.854647692 -43570.548866 -43270.797588062 -43151.822279345 -43245.684423667 -43451.631064688 -43604.944221465 -43608.330206949
-29584.047127946 -29720.726287532 -29638.393097105 -29461.913085525 -29387.342882318 -29555.021391094 -29980.93045614 -30514.005311334 -30986.98477617 -31322.358557247 -31558.497806004 -31770.966090952 -32021.885671844 -32348.992611588 -32807.738678056 -33411.933235887 -34132.360896457 -34864.332808745 -35463.919523522 -35844.426338758 -36046.256251361 -36232.838793601 -36649.431834678 -37363.457774761 -38255.88513206 -39179.358800495 -39982.209552938 -40616.713636547 -41135.79034898 -41595.797041638 -42002.482663523 -42312.947833601 -42523.258515342 -42692.161683561 -42879.478656511 -43090.401204305 -43260.187366626 -43275.074468848 -43098.298438668 -42833.361209762 -42636.152812856 -42605.700399542 -42727.13759339 -42880.939162335 -42924.145982503 -42809.581568981
-29537.757962043 -29679.614300174 -29633.057567459 -29493.510874527 -29425.297364981 -29558.596796444 -29927.304546861 -30410.935999845 -30862.375711346 -31201.089413563 -31448.239762472 -31653.89126504 -31873.160926563 -32165.625245889 -32609.990673275 -33244.605160114 -34037.332389473 -34849.460693023 -35487.678305289 -35826.425503471 -35906.160012499 -35932.561899627 -36183.253822621 -36749.280126906 -37528.740428962 -38356.988709007 -39079.169213392 -39661.288620641 -40166.042159107 -40650.327601323 -41104.552079856 -41465.541079144 -41709.027297591 -41894.614586295 -42103.629746423 -42359.088573346 -42596.899905872 -42692.091530237 -42600.32003797 -42416.651391987 -42288.49953939 -42292.729409823 -42387.250725755 -42442.961923102 -42331.818486361 -42036.099209903
-29665.623031964 -29818.299395742 -29845.245645536 -29800.351840102 -29793.805674945 -29904.459999523 -30168.450747126 -30519.461860925 -30866.68558309 -31132.915598198 -31349.267764269 -31546.742970258 -31761.202400343 -32048.974361613 -32492.554299096 -33144.894815128 -33966.12690849 -34807.004003519 -35460.101561589 -35784.116566089 -35813.455474853 -35756.264179407 -35891.536614005 -36347.689683991 -37043.73143109 -37795.662498943 -38456.486198483 -38998.048490117 -39469.7582528 -39927.68114939 -40360.460568165 -40707.426241406 -40944.950783928 -41134.586145984 -41360.089099693 -41640.695295488 -41917.6011704 -42068.128842638 -42038.395042794 -41916.182404323 -41857.700456661 -41912.661120292 -42012.924377287 -42022.841748468 -41798.155993084 -41327.179093173
-29952.363134816 -30140.592910352 -30249.628180198 -30295.848037389 -30344.020981715 -30425.720558469 -30562.830624764 -30727.708767624 -30930.670522706 -31104.878941701 -31261.596419733 -31436.641406748 -31657.469854439 -31961.645399781 -32416.087551271 -33071.668749278 -33890.46529234 -34723.924251741 -35370.024306334 -35693.48395018 -35727.797926108 -35665.73641693 -35769.064636912 -36168.769234774 -36798.867141452 -37490.520337217 -38102.459529492 -38594.361906958 -39021.325641188 -39429.094379168 -39801.557131947 -40089.465982349 -40281.625935166 -40439.461490777 -40646.020003913 -40921.760895561 -41196.108435289 -41354.038081409 -41352.939024947 -41272.165396495 -41252.247050272 -41343.696214047 -41483.712151824 -41506.197553803 -41245.557545563 -40676.813025613
-30337.746430092 -30566.729167848 -30756.290190239 -30897.507443779 -30983.572807614 -31032.064633279 -31059.221526199 -31067.479726544 -31071.631202525 -31090.666261821 -31172.717814186 -31336.879422529 -31581.063491867 -31914.907468331 -32382.865352681 -33017.051820639 -33783.889381409 -34569.749316616 -35194.323311439 -35542.56499152 -35633.750635792 -35627.098297862 -35755.028896933 -36135.776769748 -36714.068671836 -37354.011826714 -37932.326373789 -38403.354049161 -38795.402778315 -39142.468524702 -39430.876375398 -39628.742308446 -39740.194226015 -39833.330386242 -39985.019712859 -40208.932016489 -40434.890888355 -40552.546670944 -40526.701359485 -40445.629698468 -40441.894296012 -40576.445292524 -40774.82658947 -40855.64632308 -40656.020964322 -40124.941916535
-30573.953638482 -30869.950063467 -31125.101244011 -31335.246342794 -31448.292253707 -31471.019644469 -31417.913115669 -31315.130826878 -31202.173287006 -31109.71521801 -31136.523905126 -31301.55892799 -31578.022121867 -31947.888613153 -32422.426830286 -33005.785577335 -33669.658811693 -34356.610851882 -34905.40297911 -35246.877655539 -35406.375175081 -35495.895390457 -35693.379573158 -36090.565951163 -36624.41384757 -37207.780284122 -37755.718800381 -38213.071526801 -38591.211673568 -38909.687056122 -39153.486019581 -39300.304758348 -39347.965776879 -39373.711166684 -39451.944374513 -39586.077441348 -39715.039846786 -39746.672162379 -39659.114571068 -39541.557785385 -39522.137694115 -39669.746166792 -39919.366322996 -40090.188865245 -40036.11025625 -39686.015654619
-30613.487096716 -30990.68042599 -31352.746716583 -31603.72555651 -31736.500025041 -31738.9026198 -31622.321202179 -31434.946105536 -31244.768904476 -31125.798513281 -31136.905189226 -31301.578113688 -31605.771365864 -32010.501178484 -32485.437338153 -33015.359393426 -33575.410796397 -34111.672386962 -34554.039448898 -34860.037901976 -35063.051097083 -35250.658336021 -35522.162919752 -35928.190217145 -36419.671676449 -36941.894746253 -37445.150996964 -37871.336491083 -38227.900861644 -38531.151163316 -38754.557277764 -38879.416645013 -38915.995673243 -38922.440209903 -38950.944686309 -38997.118608297 -39017.159357669 -38959.642968646 -38824.122087105 -38692.879465742 -38678.507118736 -38837.626573454 -39111.231862739 -39364.157505809 -39458.745467615 -39288.851233813
-30498.519763505 -30982.189863319 -31414.447639225 -31719.176069391 -31856.959138638 -31833.239302309 -31679.55032308 -31458.089620645 -31248.539600791 -31128.069550438 -31152.677801983 -31340.465025136 -31667.784189014 -32084.611088984 -32537.843158669 -32988.328723249 -33423.034948335 -33814.747508085 -34146.358965455 -34419.865268895 -34661.10542373 -34919.45579526 -35249.140637498 -35659.458015388 -36119.422186699 -36573.088936199 -36984.573786581 -37350.554582172 -37682.301416208 -37979.025957456 -38213.529084972 -38357.843818991 -38409.393032236 -38404.447955369 -38382.457740407 -38353.987026634 -38300.180579597 -38195.301551297 -38056.135307374 -37955.35797069 -37973.002491917 -38153.125706977 -38452.731415347 -38756.29635218 -38946.201723806 -38940.251522129
