Test data_DRK/Real data/Topo_proj.grd
DSAA
181 201
-5400000 5400000
-6000000 6000000
-6404.39 20389.2
[rows 56 to 83 of 201, columns 65 to 129 of 181]
1857.07 1821.33 1790.07 1903.04 1898.75 2035.25 2024.42 2195.31 2144.64 1949.35 2055.68 2371.48 2018.28 2062.22 2056.57 2401.24 2334.29 2337.86 2314.07 2316.74 2287.01 2217.03 2165.56 2097.83 2109.39 2178.42 2408.96 2515.86 2632.26 2486.55 2244.48 2264.37 2657.3 2590.55 2275.78 2284.69 2294.1 2315.65 2438.77 2528.28 1937.61 2712.35 2871.38 2932.27 2953.9 2924.24 2971.02 3006.06 3243.59 3267.35 3415.29 3163.54 2568.68 2356.35 2147.1 1944.85 2010.87 1629.44 1662.6 1570.75 1201.53 913.277 694.082 424.474 378.8
1786.93 1715.11 1753.42 1890.96 1822.54 2092.92 2405.71 2670.47 2444 2099.98 1992.17 2075.4 1878.19 1784.27 2125.17 2313.31 2344.53 2378.73 2362.16 2332.57 2300.2 2224.65 2137.04 2049.17 2010.76 1954.15 2198.47 2370.06 2422.6 2367.21 2176.58 2158.6 2317.68 2269.59 2239.82 2246.58 2263.32 2327.09 2483.06 2654.18 2822.68 2805.31 2882.73 2974.81 3064.14 3148.97 3292.54 3066.8 3073.02 3014.14 3054.3 2888.7 2390.82 2103.77 2152.81 3157.02 2706.54 2114.95 1583.48 1392.79 1838.81 1728.77 1893.42 -588.793 392.868
1689.75 1717.77 1711.36 1813.43 2391.89 2240.88 2194.48 2201.75 2438.32 2270.55 2016.09 2703.74 1979.69 2611.25 2518.91 2310.02 2374.6 2414.82 2391.02 2361.95 2307.65 2225.64 2114.19 2014.42 1932.39 2099.31 2384.87 2674.46 3022.65 3706.11 3866.1 3979.97 3033.1 2565.68 2275.96 2362.48 2556.94 2732.33 2815.47 2778.17 2796.89 2846.55 3013.33 3135.92 3179.69 3152.4 3265.69 3207.29 3129.93 3147.75 3255.21 2999.66 2559.03 2259.18 2217.73 2411.14 1390.22 2015.98 1650.18 1743.73 1568.56 1677.09 1863 1188.28 1250.62
2486.76 1805.89 2090.9 2572.29 2670.86 2112.55 2115.93 2340.28 2389.88 2554.45 2811.98 2498.51 2323.06 2662.95 2583.91 2536.02 2532.59 2450.23 2437.95 2386.87 2353.2 2227.88 2052.16 1972.61 2263.7 2788.4 3454.83 4065.93 4783.19 4107.76 4618.35 4646.69 4417.84 4077.72 3442.61 3156.13 3196.72 3188.87 3042.5 2983.45 2816.78 2881.24 3360.02 3357.62 3478.79 3280.24 3036.05 3219.37 3199.45 3287.88 3440.66 2833.75 2883.77 2085.44 2446.31 2700.88 2172.16 2491.9 2122.46 1679.64 1515.61 1557.3 2209.19 1709.87 1244.55
2470.08 2279.37 2686.85 2480.51 2602.83 2098.69 2271.04 2714.63 2380.26 2422.94 2810.31 2539.67 2611.8 2925.8 2506.75 2720.94 2907.94 2505.9 2481.94 2415.92 2337.31 2191.66 2059.8 2883.56 3260.08 4213.69 4205.14 4440.46 5244.79 5522.99 5550.76 5858.95 6226.28 5824.2 4693.6 3854.18 3918.23 3942.58 3835.63 3993.81 3142.34 3003.23 3452.45 3474.39 3466.18 3350.33 3066.07 3369.27 3323.11 3439.87 3194.82 3011.25 3024.51 2519.08 3006.33 2425.07 2639.54 2302.99 1885.04 1820.59 1385.71 1797.89 2480.96 2265.06 1827.09
2323.94 2427.68 2877.7 2339 2199.78 2186.37 2434.55 2642.21 2285.61 2259.33 2854.97 3111.8 3093.69 2957.54 2636.14 2722.13 2969.21 2546.22 2510.75 2430.59 2124.9 2292.14 2297.18 3455.47 4041.14 4597.41 4631.27 4869.97 5120.95 6051.59 6413.19 6952.23 7160.16 6579.42 5189.88 4413.34 4466.3 4753.11 4755.03 4926.79 4007.15 3616.75 3367.17 3566.88 3470.12 3460.16 3373.19 3414.66 3417.79 3435.9 3246.24 3160.94 3139.4 3164.31 3287.33 2315.93 2420.12 1953.67 1949.23 1893.02 1871.02 2125.79 2357.6 2660.4 2459.07
1871.75 2009.38 2521.34 2343.53 2647.71 2225.79 2280.6 2298.97 2299.04 2471.43 3402.59 3594.72 3041.73 2682.42 2725.31 2701.54 2683.8 2627.34 2527.36 2452.81 2175.94 2242.45 3243.61 3845.02 3691.01 3563.37 4671.06 5388.44 4952.8 5423.77 5958.99 6880.46 6548.78 5903.99 4983.04 4873.61 4939.16 5194.81 5166.41 5202.21 4952.11 4426.37 3473.02 3579.72 3496.71 3474.32 3467.03 3437.78 3443.33 3324.38 3281.01 3154.38 3136.37 3383.71 3391.05 2791.88 2262.74 2101.1 2175.57 1891.37 1891.96 1896.06 2017.65 2418.73 2398.44
1068.11 2129.6 2221.47 2364.21 2626.93 2399.28 2356.31 2401.68 2507.58 2974.3 3481.45 3310.99 3097.87 2913.08 3034.39 2902.22 2752.4 2640.32 2532.08 2561.14 2524.95 3048.46 3342.09 3837.21 3264.17 3390.15 4005.08 5007.42 5096.46 5258.77 5333.18 5308.32 4797.3 4691.89 5173.68 4977.82 4778.59 4747.17 4645.16 5043.77 5064.8 4887.95 4118.7 3640.88 3659.67 3523.69 3482.34 3448.99 3466.15 3277.22 3220.58 3165.58 3148.13 2996.42 2888.83 2458.75 2640.83 2314.55 2730.9 2699.97 2094.83 2110.46 2158.34 1799.88 2040.11
3014.47 2338.95 2278.55 1762 2716.04 2746.46 2517.7 2952.61 3454.53 3524.41 3272.29 2939.29 2980.58 3275.78 3433.65 3069.02 2850.94 2691.26 2626.99 3287.83 3379.66 5102.3 5562.83 4348.37 3283.42 3872.59 4635.8 5060.71 5363.46 5099.88 5024.2 4904.51 4775.18 4675.61 4535.22 4949.39 4739.21 4337.81 4211.08 4295.26 4566.95 4646.34 4741.29 4638.24 4374.91 3790.68 3463.59 3438.36 3346.8 3304.14 3198.44 3166.75 2782.8 2655.68 2718.7 2489.74 2312.8 2289.56 2201.7 2122.99 2542.4 2227.94 1707.34 1615.8 1569.21
2442.18 2350.38 2445.65 2929.99 2959.6 2727.42 2530.25 2634.98 2834.61 3052.82 3282.22 3325.95 3473.39 3801.8 3621.41 3246.95 2998.45 4821.33 2824.03 3732.97 4779.87 5641.21 5416.92 4379.81 3429.73 5248.17 5135.04 5539.4 5904.94 4814.86 4964.75 4839.74 3984.15 4917.67 4950.47 4444.63 3911.99 4195.38 4035.66 4090.78 4524.46 4415.09 4626.35 4696.59 4694.94 4203.82 3932.63 3500.53 3372.09 3351.39 3327.36 3401.23 3056 2314.66 2338.15 2618.38 2404.92 2323.82 2263.96 2197.69 2481.44 2134.91 1872.58 1730.37 1742.63
2314.6 2337.55 2644.88 2955.24 2888.63 2911.33 2457.05 2562.6 2465.34 4128.44 2609.97 3371.38 3743.38 3736.96 3505.24 3243.02 3553.79 3743.74 3068.98 3920.19 5028.83 5591.49 5301.15 5027.21 4381.3 5085.91 4972.68 4816.84 4881.78 4289.84 4051.22 4301.31 4636.75 5869.77 5288.02 4762.91 4425.47 4365.1 4060.35 3958.12 4074.44 4141.71 4312.97 4364.69 4520.47 4560.46 4284.12 3494.9 3256.55 3191.44 2482.05 2602.03 2908.99 2725.33 2599.44 2575.43 2501.91 2055.12 2427.36 2367.04 2625.94 2495.3 2015.16 1924.86 2155.49
2351.68 2405.39 1861 2741.85 2911.62 3008.99 2951.21 2831.99 3012.18 3610.81 3222.89 3487.47 3596.35 3555.01 3460.41 3619.96 3545.17 3347.34 3617.2 3991.56 4694.67 5448.63 5523.86 4998.03 5066.3 5699.75 5680.67 4930.36 4586.93 4181.93 3397.54 4261.86 3988.86 4830.9 4675.84 4269 4271.61 4287.13 4107.74 3880.76 4053.85 3860.29 4253.4 4508.01 4747.01 4746.65 4617.55 4127.26 3324.69 3093.52 2809.05 2848.01 2715.96 2694.41 2662.93 2587.67 2630.14 2478.29 2578.37 2522.95 2526.57 2355.68 2312.84 2087.43 2018.55
2390.82 2474.89 2302.4 2694.49 2912.33 3028.12 3567.66 3175.83 3238.17 3328.6 3445.32 3514.18 3596.1 3671.95 3829.33 3719.12 3641.75 3430.62 3351.77 4623 4546.39 5279.78 5571.49 5061.25 6312.38 6749.02 6000.42 5089.76 4850.86 4163.76 3557.11 3841.46 3682.68 4045.41 4621.75 4094.74 4681.18 4040.77 3994.96 3677.37 3863.97 3742.92 3803.51 4016.43 4581.01 5026.84 5195.82 4852.99 3998.65 3459.24 3078.06 2784.66 2601.1 2601.32 2575.36 2597.14 2644.53 2617.13 2596.19 2574.99 2503.68 2383.27 2192.71 1905.57 1909.11
2449.96 2494.15 2587.9 2735.7 2852.35 3400.01 3106.11 3229.55 3320.51 3363.43 3941.4 3713.21 3708.91 3798.41 3987.8 4003.28 5163.76 3918.69 4005.45 4803.64 5009.87 5515.4 5765.78 5656.08 6401.82 6745.47 6150.5 5367.26 4553.42 3927.17 3774.8 4018.82 3599.14 3642.58 4317.96 3811.33 3838.79 3450.44 3371.7 3616.76 3582.58 3412.79 3078.93 3684.29 3977.7 4704.54 5678.84 5597.25 4578.29 3865.26 3462.34 2911.27 2648.55 2632.24 2597.17 2594.17 2631.03 2621.63 2569.98 2574.45 2540.66 2398.61 2025.48 1759.05 1647.6
2498.79 2523.1 2635.59 2743.83 2881.69 3007.27 3156.12 3280.89 3389.63 3457.52 4487.34 3898.51 3858.05 4126.56 4113.42 4098.74 5206.49 4142.14 5020.01 4658.54 5427.31 5368.55 5444.53 6026.12 6044.06 6349.34 5952.92 5168.83 4692.73 4034.77 3815.01 4222.97 3640.68 3493.61 3648.05 3521.32 3214.01 3224.89 3185.27 3255.12 3190.93 3244.13 3100.25 3691.73 4234.64 4723.9 4162.33 5226.7 4813.7 4162.49 3809.87 3326.46 2954.81 3264.73 2668.95 2510.94 2506.89 2564.54 2510.01 2535.75 2402.27 2129.49 1888.04 1591.34 1406.83
2437.42 2532.86 2654.97 2764.69 2962.62 3091.43 3246.6 3244.16 3363.51 3576.92 4137.01 3951.41 4003.92 4241.46 4225.28 4181.26 4168.32 4074.42 5012.82 4749.05 5163.77 5593.71 5785.84 6113.3 6353.23 6321.3 5704.01 5020.43 4730.79 4281.35 3964.2 3961.22 3556.75 3480.66 3349.59 3245.68 3193.69 3148.59 3089.76 3030.52 2935.91 3084.67 3073.42 3463.98 4130.9 5177.09 4271.89 4999.95 4668.09 4355.4 4227.58 3976.49 3772.62 3872.31 2592.19 2600.97 2768.44 2606.24 2441.91 2204.25 2044.12 1973.15 1666.86 1391.07 1129.35
2392.76 2523.8 2690.03 2674.64 2800.82 3185.3 3295.41 3421.64 3455.21 3672.65 3837.76 3984.89 4091.78 4079.49 4243.92 4027.56 3873.09 4266.23 5038.48 5089.93 5595.41 5515.2 5705.67 6767.99 6974.87 6668.37 5597.6 4814.3 4465.66 4297.83 3906.96 3732.61 3610.91 3490.05 3353.32 3227.11 3154.87 3077.59 3023.6 2967.78 2859.91 2880.61 2860 3158.93 3560.75 4150 4477.45 4666.41 4484.74 4125.15 4092.36 4082.4 4445.45 4037.95 3915.59 3387.15 3310.68 2657.64 2263.86 2146.07 1962.63 1803.96 1417.31 1160.63 1007.37
2436.66 2553.73 2728.52 2756.48 3090.79 3247.05 3358.18 3540.93 3650.18 3781.82 3979.11 4055.23 4136.16 4161.01 4210.28 4123.76 4739.98 4906.94 5038.28 5127.66 5333.56 5495.76 6315.17 6787.64 7552.95 6625.07 5443.75 4556.85 4357 4137.84 3924.86 3774.08 3628.35 3462.01 3310.21 3189.12 3117.95 2975.26 2934.78 2892.16 2801.79 2763.64 2836.78 2826.07 2849.75 3176.65 3780.49 4020.06 3939.13 3726.23 3749.22 3921.79 4479.1 4395.43 4392.61 3771.76 3573.56 2829.71 2395.19 2278.61 2053.68 1808.05 1311.8 994.425 862.765
2485.45 2599.21 2737.41 2953.86 3151.56 3265.27 3426.2 3585.78 3726.61 3869.46 4024.09 4224.24 4263.68 4305.64 4352.14 4335.07 5327.27 5096.45 4578.6 4654.69 4831.7 5867.44 6283.13 6981.69 7982.06 6948.06 5199.3 4576.39 4336.1 4128.87 3966.73 3801.7 3568.22 3389.26 3262.83 3121.48 3042.59 2919.74 2854.05 2794.1 2753.06 2756.76 2790.1 2767.86 3058.8 2835.32 3132.21 3416.5 3328.27 3451.15 3329.01 3630.52 3918.6 3618.29 3496.75 3289.27 3246.96 2918.01 2760.04 2493.72 2401.1 2297.2 1514.18 1119.54 812.265
2514.03 2629.98 2741.81 2895.27 3103.25 3297.5 3458.4 3461.26 3715.73 3922.59 4105.07 4337.54 4425.05 4437.12 4480.97 4575.24 5459.41 4633.21 4281.78 4369.83 4857.76 5743.09 5956.49 6936.11 7842.69 7080.6 4994.6 4573.03 4332.52 4140.78 3948.56 3745.89 3533.89 3376.15 3232.36 3047.81 2957.32 2890.84 2829.41 2743.94 2694.76 2702.88 2622.42 2832.64 2827.58 2590.37 2574.62 2888.68 2975.18 3073.02 3315.51 3433.02 3200.92 3064.34 2954.96 2930.51 2950.08 2893.67 2857.62 2779.69 2937.23 3062.53 2168.45 1520.07 920.284
2600.03 2670.01 2768.64 2900.78 3141.05 3328.1 3519.13 3688.7 3826.44 4026.56 4226.64 4371.87 4452.1 4521.04 4586.08 4698.96 4991.87 4437.69 4359.78 4763.78 5126.02 5869.66 5844.29 6282.79 6360.65 5942.19 4888.14 4613.51 4337.92 4167.97 3753.84 3745.29 3561.55 3437.15 3212.06 3064.03 3006.62 2894.88 2803.17 2752.61 2659.59 2657.33 2629.6 2640.12 2455.78 2414.89 2389.71 2552.37 2723.23 3190.71 3546.87 3540.57 3321.5 3013.2 2868.29 2833.37 2828.33 2813.8 2779.29 2895.73 3079.92 3285.95 3237.47 2000.5 546.498
2701.95 2778.43 2895.94 2953.69 3197.99 3410.24 3685.52 3606.25 3815.5 4187.08 4356.49 4464.94 4600.24 4655.48 4687.02 4759.43 4780.46 5185.8 4478.75 5370.43 5117.75 5774.9 5904.35 5796.34 5531.22 5257.38 4961.13 4636.69 4398.42 4181.38 3547.45 3729.78 3607.87 3455.85 3292.01 3147.98 3082.18 2866.83 2793.9 2761.29 2700.69 2630.51 2624.68 2607.22 2417.04 2407.29 2394.32 2554.65 2668.61 3322.39 3791.29 3671.2 3298.7 3010.18 2932.64 2789.71 2686.36 2706.7 2709.3 2741.09 2719.96 3656.97 3976.97 2310.03 816.038
2802.31 2926.93 3039.94 3157.12 3365.29 3632.13 3839.44 3959.14 3936.83 4365.63 4539.05 4614.29 4766.57 4841.41 4859.07 4884.2 4890.16 5194.96 4997.58 5302.51 4626.59 5732.11 5895.77 5824.88 5573.47 5332.73 5012.68 4689.94 4389.19 4160.73 3929.09 3801.91 3681.92 3535 3404.91 3292.16 3166.56 2968.7 2860.78 2766.88 2716.74 2665.63 2583.42 2549.74 2520.85 2422.99 2414.06 2460.01 2482.22 3339.43 3693.09 3709.6 3261.78 3083.28 2938.14 2821.03 2743.11 2764.72 2761.47 2897.59 3308.8 3698.87 4274.7 2179.2 1244.89
2879.05 3014.9 3170.89 3371.81 3586.72 3792.67 4003.92 4150.53 4304.48 4547.81 4726.33 4823.25 4964.41 5046.09 4981.29 5005.46 4956.74 4964.52 5284.67 5428.32 4568.39 6051.97 5960.65 5821.44 5602.96 5392.74 5027.05 4711.97 4387.81 4223.65 4035.49 3924.66 3749.77 3687.41 3526.42 3424.91 3274.34 3114.75 2995.96 2808.19 2739.04 2677.31 2561.61 2619.52 2506.24 2364.72 2336.14 2351.46 2321.11 3028.25 3637.36 3499.15 3309.31 3094.86 2937.58 2847.45 2832.95 2819.76 2974.24 2952.72 3401.31 3735.14 4217.29 2325.68 1297.93
2956.76 3096.58 3271.63 3536.37 3779.93 3989.5 4206.63 4410.78 4567.63 4744.27 4930.01 5059.89 5148.97 5174.83 5188.46 5159.9 5012.35 5088.98 5493.55 5326.29 5204.94 6161.56 6071.36 5811.26 5659.47 5330.34 5047.77 4772.53 4508.74 4396.26 4260.99 4084.67 3905.75 3769.99 3653.81 3525.42 3389.3 3268.08 3167.62 2934.61 2833.17 2720.87 2659.45 2618.35 2543.1 2414.88 2343 2326.08 2377.05 2701.15 3296.28 3349 3275.51 3183.69 3004.15 3034.53 2934.41 3024.8 3089.08 3267.62 3329.97 3399.08 3777.31 3314.48 1401.11
3002.52 3244.41 3422.15 3740.86 3997.75 4254.71 4487.02 4681.03 4849.92 5030.29 5179.16 5300.54 5405.9 5399.91 5375.38 5265.95 5192.44 5693.35 6129.9 5375.23 5781.25 6306.61 6196.12 5838.81 5589.58 5333.25 5113.08 4837.35 4673.74 4519.56 4403.13 4232.79 4092.3 3920.2 3780.16 3693.17 3521.98 3400.87 3248.16 3155.14 2962.51 2866.31 2783.48 2703.98 2599.88 2484.98 2383.06 2371.02 2417.85 2762.61 3196.64 3254.21 3437.6 3405.38 3254.73 3220.19 2987.25 2983.43 3332.82 3511.02 3671.45 3630.77 3673.28 3432.04 1523.96
3104.97 3362.03 3587.65 3972.42 4329.9 4612.98 4832.14 5017.21 5206.25 5366.83 5475.45 5547.48 5630.32 5633.01 5538.22 5462.67 5533.88 6440.61 5701.3 5939.86 6199.8 6417.71 6272.42 5903.73 5712.84 5529.51 5266.67 5121.87 4907.05 4731.94 4620.21 4510.83 4314.34 4174.85 3997.86 3850.33 3408.48 3326.96 3386.4 3240.88 3081.61 2921.08 2852.99 2802.98 2643.8 2605.55 2482.1 2521.35 2492.94 2714.29 3167.45 3265.53 3304.17 3463.96 3549.7 3662.95 3158.6 3417.49 4699.01 4187.49 3890.54 3586.36 3453.03 2870.74 1529.47
3240.4 3459.66 3777.86 4237.97 4688.88 5067.17 5294.95 5495.2 5609.36 5770.85 5767.1 5782.22 5879.15 5808.28 5688.93 5537.85 6153.76 7167.25 5767.18 6020.49 6370.64 6403.97 6266.38 6032.79 5878.78 5839.66 5657.19 5432.03 5223.08 5057.24 4948.11 4760.93 4575.72 4387.36 4220.58 3964.87 3745.98 3622.08 3473.07 3365.17 3158.28 2998.64 2943.59 2865.04 2740.8 2739.32 2626.81 2569.96 2537.14 2629.77 2926 3079.86 3316.97 3396.95 3488.13 3651.1 3444.94 3359.65 3449.23 3452.47 3795.17 3832.56 3554.17 2541.89 1606.1
