Test data_DRK/Real data/Topo_proj.grd
DSAA
181 201
-5400000 5400000
-6000000 6000000
-6404.39 20389.2
[rows 168 to 195 of 201, columns 0 to 64 of 181]
-4114.88 -4115.14 -4074.68 -4117.75 -4084.48 -4128.36 -4081.69 -4126.05 -4159.58 -4189.69 -4221.63 -4228.47 -4217.5 -4149.69 -4241.89 -4245.86 -4217.1 -4228.32 -4226.58 -4221.21 -4205.56 -4228.32 -4262.45 -4240.75 -4174.07 -4189.06 -4218.97 -4233.52 -4191.63 -4217.33 -4123.32 -4146.91 -4130.47 -4114.11 -4107.24 -4067.36 -4112.17 -4013.59 -4019.26 -4021.84 -3962.46 -3944.75 -3939.48 -3908.06 -3832.93 -3827.35 -3832.77 -3751.39 -3715.8 -3746.94 -3636.92 -3684.22 -3633.09 -3588.56 -3556.54 -3506.83 -3461.83 -3470.99 -3460.74 -3438.24 -3403.46 -3366.19 -3336.3 -3300.05 -3298.98
-4168.35 -4148.09 -4122.19 -4146.84 -4101.97 -4149.61 -4113.8 -4204.87 -4225.95 -4200.65 -4225.72 -4192.3 -4188.3 -4194.41 -4244.75 -4244.42 -4227.55 -4187.35 -4241.48 -4245.53 -4231.36 -4236.45 -4239.19 -4215.21 -4159.03 -4176.14 -4213.76 -4209.06 -4217.49 -4223.21 -4180.16 -4148.35 -4171.74 -4149.07 -4135.14 -4104.75 -4115.15 -4064.15 -3990.69 -3995.59 -3984.56 -3984.46 -3945.94 -3894.31 -3878.11 -3869.56 -3864.87 -3774.96 -3802 -3765.93 -3712.27 -3703.07 -3670.04 -3628.51 -3570.79 -3540.7 -3510.95 -3524.9 -3502.69 -3476.07 -3450 -3421.8 -3387.6 -3345.23 -3375.22
-4218.76 -4180.33 -4139.85 -4157.84 -4121.68 -4173.77 -4147.87 -4267.32 -4245.78 -4213.15 -4212.85 -4141.73 -4177.06 -4235.54 -4245.97 -4252.08 -4196.06 -4209.4 -4254.62 -4275.8 -4257.32 -4244.31 -4218.84 -4194.13 -4147.62 -4186.37 -4257.55 -4188.06 -4246.73 -4241.19 -4208.68 -4148.73 -4169.76 -4192.05 -4163.48 -4147.04 -4118.62 -4094.66 -3973.15 -4007.33 -4037.02 -3992.65 -3954.13 -3877.83 -3922.77 -3915.19 -3894.82 -3858.93 -3836.47 -3794.58 -3764.22 -3716.76 -3706.57 -3657.38 -3601.03 -3586.32 -3570.47 -3568.21 -3542.39 -3512.77 -3494.5 -3474.62 -3433.78 -3425.97 -3436.63
-4242.57 -4206.46 -4150.66 -4178.71 -4158.69 -4214.04 -4099.76 -4212.93 -4220.68 -4245.76 -4230.84 -4210.77 -4237.89 -4239.72 -4248.59 -4274.56 -4219.07 -4266.24 -4259.7 -4289.08 -4282.27 -4271.51 -4242.37 -4150.72 -4195.6 -4372.82 -4604.73 -4208.2 -4249.87 -4246.95 -4205.02 -4206.26 -4222.5 -4205.81 -4178.49 -4163.93 -4143.72 -4109.83 -4056.3 -4026.15 -4052.64 -4025.08 -3986.91 -3943.45 -3951.53 -3929.83 -3912.6 -3904.95 -3874.13 -3828.87 -3799.99 -3774.29 -3745.79 -3686.66 -3652.09 -3637.84 -3609.62 -3606.87 -3575.71 -3559.84 -3509.67 -3525.87 -3485.03 -3487.83 -3488.06
-4266.38 -4232.6 -4181.93 -4196.1 -4201.2 -4251.74 -4080.83 -4187.05 -4247.42 -4246.05 -4259.26 -4282.36 -4284.1 -4244.91 -4260.34 -4284.63 -4281.3 -4275.01 -4285.37 -4306.43 -4302.72 -4296.44 -4248.28 -4187.36 -4180.46 -4973.8 -4477.07 -4237.58 -4256.7 -4254.18 -4233.16 -4251.37 -4243.35 -4203.73 -4202.66 -4180.31 -4167.28 -4143.1 -4096.95 -4028.93 -4048.82 -4051.45 -4024.37 -4005.24 -3979.35 -3948.73 -3945.39 -3930.55 -3900.47 -3858.14 -3837.98 -3824.47 -3787.82 -3731.98 -3687.46 -3666.43 -3645.26 -3653.65 -3611.03 -3609.69 -3542.17 -3576.5 -3546.14 -3529.51 -3537.39
-4290.2 -4258.73 -4214.81 -4233.99 -4242.12 -4273.47 -4191.98 -4213.32 -4269.14 -4229.4 -4255.22 -4282.87 -4295.74 -4254.51 -4282.57 -4240.67 -4310.3 -4339.21 -4337.67 -4313.41 -4306.25 -4313.62 -4299.82 -4273.25 -4201.74 -4781.44 -4228.53 -4265.74 -4277.42 -4275.9 -4262.97 -4249.35 -4247.22 -4219.39 -4205.19 -4204.06 -4183.95 -4161.19 -4121.7 -4096.64 -4095.08 -4102.33 -4063.69 -4040.61 -4006.13 -3980.56 -3959.03 -3949.43 -3923.82 -3891.12 -3875.32 -3845.69 -3817.63 -3804.23 -3714.59 -3649.2 -3696.02 -3711.4 -3680.21 -3671.33 -3608.86 -3624.5 -3602.73 -3547.45 -3569.73
-4314.01 -4284.86 -4251.54 -4270.03 -4279.23 -4292.73 -4267.58 -4232.13 -4251.21 -4263.13 -4279.6 -4290.13 -4309.32 -4263.92 -4281.72 -4252.04 -4359.34 -4322.42 -4495.3 -4286.22 -4314.44 -4339.42 -4359.35 -4306.23 -4249.65 -4256.73 -4278.87 -4293.72 -4299.97 -4298.56 -4276.3 -4256.33 -4256.18 -4228.51 -4219.93 -4217.44 -4201.85 -4180.18 -4166.91 -4139.83 -4140.62 -4150.34 -4094.82 -4077.39 -4036.33 -3999.89 -3980.86 -3975.92 -3951.59 -3926.31 -3911.21 -3871.08 -3853.39 -3874.08 -3785.47 -3703.47 -3756.92 -3763.57 -3747.51 -3731.27 -3672.9 -3680.73 -3667.17 -3609.03 -3598.6
-4337.83 -4311 -4287.8 -4299.5 -4299.99 -4299.55 -4287.57 -4251.3 -4252.19 -4306.88 -4305.52 -4316.2 -4303.26 -4271.23 -4282.7 -4284.7 -4353.98 -4228.06 -4722.53 -4281.22 -4335.4 -4381.34 -4391.03 -4337.91 -4267.88 -4316.34 -4327.37 -4333.26 -4322.4 -4318.05 -4292.87 -4273.88 -4304.54 -4270.52 -4230.07 -4209.78 -4225.73 -4204.07 -4185.92 -4168.1 -4180.03 -4169.71 -4131.94 -4121.26 -4089.46 -4018.77 -3996.12 -4015.71 -3990.7 -3945.81 -3943.38 -3912.03 -3904.56 -3935.01 -3851.27 -3813.81 -3792.63 -3816.21 -3792.67 -3784.89 -3746.01 -3748.48 -3729.56 -3666.73 -3697.75
-4361.64 -4337.13 -4318.41 -4325.21 -4318.88 -4305.83 -4308.64 -4278.49 -4294.68 -4316.17 -4341.09 -4331.71 -4298.73 -4283.23 -4299.35 -4300.04 -4087.12 -4772.33 -4529.04 -4323.8 -4353.3 -4411.89 -4418.84 -4359.73 -4327.86 -4368.64 -4362.14 -4369.65 -4340.77 -4337.81 -4314.14 -4309.3 -4336.58 -4294.16 -4232.87 -4211.01 -4246.61 -4228.81 -4209.43 -4214.34 -4199.86 -4195.11 -4171.36 -4160.35 -4137.09 -4046.78 -4003.37 -4055.11 -4031.75 -3983.71 -3977.6 -3953.69 -3951.38 -3991.11 -3943.3 -3923.13 -3891.69 -3860.82 -3838.72 -3841.04 -3809.83 -3812.08 -3779.13 -3768.5 -3775.95
-4385.46 -4363.26 -4335.78 -4340.24 -4324.24 -4309.12 -4335.4 -4312.76 -4325.66 -4308.59 -4338.27 -4335.43 -4290.45 -4320.79 -4340.66 -4356.84 -4084.77 -4909.15 -4254.92 -4361.05 -4382.13 -4389.36 -4426.35 -4393.53 -4393.11 -4375.79 -4376.21 -4357.05 -4361.43 -4362.22 -4357.33 -4349.67 -4339.8 -4298.6 -4267.43 -4265.87 -4248.49 -4265.9 -4226.33 -4268.32 -4239.17 -4228.7 -4221.84 -4174.43 -4155.86 -4109.22 -4057.93 -4098.87 -4078.09 -4048.59 -4034.3 -4010.49 -3975.32 -4009.42 -3931.57 -3960.43 -3955.53 -3913.57 -3893.64 -3910.52 -3862.01 -3847.01 -3837.34 -3828.73 -3818.22
-4409.06 -4388.94 -4370.11 -4353.46 -4328.49 -4312.75 -4363.58 -4344.92 -4332.35 -4308.15 -4331.63 -4342.79 -4281.11 -4357.19 -4386.27 -4378.45 -4320.84 -4344.06 -4377.63 -4363.41 -4410.92 -4371.46 -4443.83 -4447.33 -4402.95 -4383.79 -4396.37 -4336.85 -4382.44 -4390.59 -4398.48 -4361.94 -4342.52 -4309.3 -4318.2 -4320.74 -4252.14 -4297.34 -4263.21 -4310.17 -4277.03 -4254.88 -4282.85 -4198.2 -4178.74 -4171.8 -4122.14 -4141.03 -4132.6 -4122.61 -4084 -4067.21 -4000.05 -4015.88 -3953.53 -3992.56 -3995.33 -3957.58 -3945.34 -3978.99 -3915.13 -3870.62 -3899.12 -3862.7 -3875.96
-4425.94 -4399.95 -4385.9 -4371.05 -4345.09 -4349.16 -4382.08 -4363.42 -4365.29 -4308.6 -4348.8 -4347.65 -4311.35 -4353.13 -4415.16 -4402.37 -4362.36 -4407.24 -4409.7 -4381.72 -4426.34 -4397.64 -4448.34 -4457.26 -4435.45 -4407.38 -4412.35 -4368.15 -4414.93 -4430.3 -4417.44 -4379.09 -4372.3 -4347.2 -4356.11 -4362.62 -4322.54 -4325.77 -4274.95 -4357.11 -4294.17 -4279.29 -4301.64 -4239.18 -4231.54 -4211.96 -4167.72 -4164.94 -4173.01 -4144.03 -4123.8 -4117.3 -4079.03 -4067.33 -4041.53 -4031.37 -4000.98 -4007.14 -4004.75 -4010.58 -3925.06 -3929.29 -3945.69 -3917.3 -3927.09
-4442.81 -4410.95 -4401.7 -4391.36 -4359.98 -4386.17 -4400.58 -4386.72 -4378.11 -4327.47 -4351.06 -4355.33 -4348.35 -4349.07 -4443.4 -4433.6 -4419.11 -4444.95 -4427.75 -4400.22 -4441.23 -4423.81 -4454 -4478.45 -4461.19 -4426.78 -4422.28 -4411.03 -4447.42 -4469.85 -4435.86 -4403.6 -4398.94 -4377.06 -4394.02 -4405.94 -4392.94 -4352.67 -4300.01 -4384.2 -4316.49 -4309.53 -4310.22 -4287.47 -4284.35 -4253.07 -4203.28 -4201.72 -4196.48 -4161.18 -4177.95 -4166.94 -4158 -4128.22 -4102.68 -4038.59 -4041.14 -4070.32 -4062.52 -4041.71 -3937.65 -3973.75 -3962.84 -3974.81 -3952.36
-4459.69 -4421.96 -4396.18 -4418.76 -4403.99 -4416.64 -4419.89 -4417.66 -4421.9 -4375.04 -4393.07 -4384.24 -4377.92 -4381.27 -4459.48 -4439.21 -4448.13 -4453.32 -4449.49 -4419.52 -4453.17 -4443.27 -4468.89 -4506 -4475.87 -4454.71 -4446.54 -4431.73 -4407.63 -4444.82 -4435.17 -4409.31 -4382.31 -4360.43 -4426.43 -4418.77 -4322.51 -4358.38 -4341.53 -4368.7 -4341.13 -4312.33 -4331.57 -4316.18 -4313.52 -4302.35 -4252.13 -4250.6 -4242.09 -4210.72 -4218.2 -4182.52 -4205.01 -4176.18 -4147.26 -4125.82 -4102.19 -4132.7 -4125.08 -4102.85 -4016.01 -4038.54 -4032.65 -4028.56 -4009.58
-4476.57 -4432.97 -4390.99 -4441.35 -4454.66 -4443.92 -4439.37 -4452.73 -4450.7 -4427.06 -4426.6 -4421.05 -4401.3 -4420.68 -4473.77 -4439.75 -4460.95 -4470.56 -4462.48 -4448.53 -4459.24 -4464.92 -4484.91 -4529.38 -4497.4 -4482.11 -4478.15 -4432.17 -4342.24 -4409.75 -4430.18 -4368.17 -4375.36 -4390.05 -4444.62 -4417.03 -4218.58 -4362.71 -4375.9 -4364.64 -4346.46 -4325.62 -4375.31 -4333.07 -4337.34 -4337.86 -4319.25 -4302.36 -4297.82 -4265.72 -4234.65 -4188.59 -4253.94 -4205.63 -4208.92 -4231.16 -4186.61 -4180.77 -4188.73 -4170.83 -4107.82 -4101.33 -4104.21 -4089.03 -4090.62
-4500.22 -4457.53 -4396.86 -4448.55 -4479.89 -4467.46 -4465.33 -4479.73 -4471.55 -4468.9 -4459.64 -4473.18 -4431.19 -4467.54 -4491.23 -4469.3 -4476.25 -4497.21 -4479.17 -4469.39 -4460.74 -4479.2 -4508.45 -4531.62 -4519.11 -4507.13 -4495.9 -4443.55 -4350.77 -4433.03 -4432.2 -4391.32 -4398.39 -4445.72 -4459.48 -4427.37 -4236.64 -4384.25 -4383.99 -4395.91 -4356.46 -4352.99 -4409.95 -4354.47 -4358.97 -4365.91 -4359.61 -4322.02 -4311.69 -4299.44 -4256.46 -4230.21 -4290.32 -4242.82 -4263.75 -4281.38 -4245.66 -4227.39 -4235.72 -4218.32 -4184.26 -4155.03 -4150.89 -4142.76 -4122.16
-4530.51 -4495.41 -4414.55 -4465.56 -4496.47 -4487.78 -4490.21 -4498.81 -4485.23 -4501.9 -4513.22 -4498.93 -4486.34 -4523.1 -4522.74 -4507.04 -4504.96 -4523.76 -4494.37 -4474.37 -4452.86 -4486.25 -4530.85 -4523.74 -4534.23 -4521.49 -4508.11 -4500.77 -4437.84 -4501.45 -4476.57 -4477.57 -4450.61 -4485.73 -4467.49 -4475.89 -4376.38 -4402.08 -4422.56 -4432.94 -4385.63 -4384.12 -4431.28 -4384.33 -4378.46 -4386.64 -4373.71 -4308.15 -4300.67 -4320.86 -4307.05 -4316.87 -4314.37 -4287.6 -4269.55 -4281.17 -4269.44 -4272.58 -4267.23 -4245.69 -4245.63 -4199.82 -4191.52 -4167.99 -4134.49
-4560.81 -4533.29 -4443.59 -4486.33 -4514.76 -4505.88 -4511.68 -4514.1 -4516.43 -4534.57 -4576.06 -4517.64 -4539.08 -4574.82 -4554.55 -4536.87 -4533.85 -4544.18 -4507.46 -4480.69 -4447.82 -4497.92 -4538.97 -4537.43 -4556.03 -4527.1 -4521.71 -4555.1 -4518.73 -4559.75 -4540.07 -4518.96 -4520.46 -4498.4 -4476.07 -4523.2 -4504.74 -4427.24 -4457.69 -4455.77 -4426.32 -4411.09 -4454.55 -4410.89 -4400.67 -4407.26 -4372.37 -4288.65 -4318.93 -4347.8 -4357.72 -4398.83 -4343.34 -4316.88 -4274.19 -4293.11 -4304.53 -4310.06 -4299.53 -4274.01 -4300.41 -4240.92 -4232.46 -4160.53 -4165.11
-4591.11 -4571.17 -4517.28 -4545.51 -4524.35 -4497.17 -4515.64 -4525.19 -4538.61 -4558.34 -4592.47 -4526.54 -4565.56 -4596.61 -4566.44 -4553.91 -4549.3 -4565.57 -4523.85 -4501.89 -4468.28 -4534.76 -4548.88 -4588.54 -4563.95 -4546.84 -4533.56 -4577.59 -4558.87 -4569.18 -4554.33 -4495.99 -4535.51 -4521.02 -4502.41 -4541.53 -4522.96 -4456.55 -4467.59 -4474.79 -4463.56 -4451.24 -4472.68 -4412.41 -4449.8 -4454.8 -4418.72 -4357.98 -4389.84 -4398.91 -4409.22 -4434.88 -4382.16 -4397.7 -4345.5 -4304.2 -4342.16 -4344.95 -4339.55 -4311.64 -4327.59 -4274.94 -4254.42 -4254.02 -4182.94
-4621.4 -4609.05 -4589.25 -4580.38 -4523.16 -4488.45 -4519.6 -4538.05 -4561.57 -4579.53 -4583.36 -4555.85 -4591.31 -4618.4 -4578.32 -4570.54 -4568.21 -4581.56 -4543.26 -4524.47 -4488.49 -4571.6 -4559.68 -4624.56 -4579.92 -4551.6 -4559.7 -4598.19 -4599.28 -4577.89 -4564.23 -4489.91 -4556.68 -4540.43 -4538.07 -4554.21 -4541.19 -4485.87 -4479.43 -4503.64 -4502.52 -4495.21 -4467.13 -4415.18 -4498.92 -4502.34 -4472.14 -4440.39 -4474.06 -4457.38 -4460.7 -4470.93 -4420.98 -4477.8 -4394.16 -4318.99 -4363.76 -4375.46 -4379.56 -4349.28 -4352.55 -4312.18 -4285.32 -4286.19 -4239.3
-4631.98 -4618.49 -4610.81 -4580.8 -4518.98 -4488.76 -4531.99 -4560.5 -4577.4 -4596.79 -4583.08 -4569.57 -4612.27 -4627.49 -4601.61 -4582.35 -4568.41 -4596.81 -4560 -4545.6 -4514.19 -4599.14 -4599.97 -4630.55 -4610.15 -4563.31 -4594.39 -4616.41 -4616.06 -4589.17 -4540.58 -4668.64 -4751.28 -4529.69 -4568.47 -4573.63 -4566.16 -4506.24 -4499.44 -4532.79 -4528.66 -4532.42 -4479.13 -4447.5 -4530.19 -4537.17 -4518.99 -4509.23 -4533.02 -4510.94 -4498.84 -4512.17 -4494.63 -4506.61 -4416.11 -4351.89 -4394.95 -4394.84 -4409.37 -4388.78 -4375.33 -4343.05 -4316.47 -4322.39 -4297.65
-4627.62 -4606.37 -4590.34 -4572.64 -4506.52 -4498.58 -4547.47 -4583.15 -4587.22 -4609.63 -4586.91 -4585.25 -4630.01 -4627.49 -4630.31 -4591.41 -4552.55 -4611.79 -4578.27 -4565.98 -4549.68 -4625.57 -4632.06 -4635.08 -4646.54 -4590.6 -4620.14 -4613.76 -4614.93 -4602.38 -4516.42 -4971.43 -5010.56 -4527.67 -4593.26 -4598.17 -4596.36 -4535.69 -4520.2 -4555.82 -4549.37 -4560.26 -4529.32 -4505.26 -4547.94 -4563.22 -4548.82 -4561.41 -4560.57 -4551.33 -4527.16 -4553.33 -4581.47 -4503.21 -4437.79 -4391.59 -4424.28 -4421.06 -4435.42 -4431.06 -4396.48 -4369.1 -4347.81 -4365.5 -4329.36
-4623.25 -4594.25 -4564.66 -4568.49 -4494.07 -4508.4 -4564.35 -4598.88 -4601.37 -4616.05 -4588.8 -4602.24 -4647.76 -4627.49 -4653.2 -4584.55 -4567.12 -4626.51 -4598.28 -4586.37 -4585.17 -4652.29 -4653.25 -4664.45 -4663.53 -4631.75 -4641.28 -4611.12 -4613.75 -4609.92 -4654.23 -5292.59 -4976.96 -4554.1 -4617.8 -4622.71 -4626.57 -4565.14 -4542.32 -4572.47 -4581.47 -4585.56 -4580.29 -4563.03 -4565.75 -4590.6 -4594.66 -4596.9 -4575.29 -4572.14 -4560.54 -4593.5 -4658.57 -4510.04 -4457.05 -4418.77 -4435.23 -4450.51 -4461.47 -4473.35 -4418.64 -4398.07 -4394.35 -4391.93 -4356.28
-4636.07 -4604.24 -4572.52 -4570.67 -4444.96 -4362.23 -4314.25 -4472.55 -4595.28 -4571.33 -4623.29 -4624.73 -4667.54 -4655.15 -4676.37 -4613.33 -4617.85 -4643.87 -4632.23 -4620.92 -4634.18 -4679.94 -4679.04 -4684.66 -4682.71 -4666.41 -4650.87 -4616.59 -4646.39 -4633.41 -4716.71 -5124.39 -4713.45 -4572.72 -4629.34 -4651.08 -4656.69 -4589.28 -4588.4 -4601.17 -4615.39 -4619.93 -4619.52 -4606.34 -4603.82 -4618.73 -4620.34 -4627.14 -4600.24 -4608.54 -4578.34 -4602.36 -4675.33 -4588.51 -4519 -4482.35 -4472.09 -4454.85 -4465.53 -4491.91 -4448.76 -4436.7 -4437.5 -4433.33 -4394.71
-4650.38 -4616.16 -4582.46 -4529.41 -4382.89 -4194.3 -4040.46 -4334.4 -4581.35 -4552.41 -4655.65 -4647.7 -4685.84 -4684.22 -4700.77 -4645.98 -4662.57 -4672.23 -4662.5 -4666.49 -4685.86 -4707.21 -4706.67 -4703.32 -4707.33 -4685.04 -4617.5 -4665.75 -4680.12 -4661.04 -4758.34 -4906.15 -4584.98 -4598.59 -4639.74 -4679.79 -4686.83 -4612.97 -4636.48 -4629.41 -4643.72 -4654.96 -4664.37 -4647.25 -4642.93 -4646.72 -4643.66 -4655.69 -4635 -4624.69 -4593.77 -4607.75 -4676.05 -4672.11 -4584.73 -4537.62 -4497.82 -4457 -4467.68 -4508.42 -4477.47 -4470.79 -4478.91 -4474.35 -4463.29
-4663.54 -4627.88 -4590.18 -4486.21 -4320.2 -4095.22 -3871.18 -4276.06 -4524.92 -4547.62 -4665.31 -4675.09 -4703.97 -4711.61 -4724.95 -4691.34 -4679.39 -4704.56 -4687.09 -4705.98 -4731.05 -4732.03 -4729.12 -4721.33 -4738.92 -4696.83 -4592.84 -4716.61 -4709.6 -4693.52 -4649.67 -4666.61 -4637.96 -4649.93 -4659.2 -4702.58 -4715.81 -4648.76 -4670.82 -4655.44 -4668.35 -4687.5 -4704.15 -4683.61 -4679.38 -4673.3 -4674.22 -4673.47 -4671.8 -4643.12 -4610.09 -4612.32 -4673.95 -4732.78 -4642.8 -4576.19 -4519.83 -4477.33 -4476.66 -4523.59 -4502.44 -4500.7 -4514.77 -4510.64 -4528.61
-4669.23 -4638.31 -4585.08 -4427.24 -4612.04 -4294.46 -4086.4 -4315.71 -4416.58 -4443.92 -4669.51 -4671.28 -4716.42 -4729.29 -4723.25 -4699.16 -4691.29 -4718.5 -4677.09 -4707.57 -4734.41 -4740.53 -4751.56 -4730.51 -4754.22 -4703.63 -4632.16 -4740.3 -4722.86 -4731.94 -4710.87 -4712.85 -4694.74 -4694.47 -4695.55 -4718.45 -4738.59 -4699.42 -4713.32 -4706.1 -4708.47 -4709.94 -4710.95 -4696.76 -4706.24 -4706.62 -4712.3 -4638.79 -4693.56 -4676.44 -4632.19 -4611.64 -4653.55 -4719.52 -4644.5 -4611.21 -4542.61 -4509.54 -4508.47 -4528.35 -4503.12 -4503.42 -4515.45 -4526.28 -4547.31
-4674.92 -4648.74 -4533.71 -4360.6 -5075.46 -4493.7 -4301.62 -4623.75 -4240.46 -4409.92 -4651.49 -4688.28 -4727.64 -4746.97 -4721.55 -4706.98 -4703.95 -4713.23 -4677.09 -4710.63 -4737.81 -4749.03 -4774 -4740.32 -4765.41 -4732.18 -4694.04 -4741.32 -4736.12 -4770.36 -4772.07 -4761.33 -4744.25 -4731.39 -4731.25 -4727.29 -4761.37 -4750.08 -4755.82 -4753.36 -4742.36 -4734.49 -4717.75 -4711.04 -4733.1 -4739.94 -4746.55 -4626.99 -4713.41 -4708.28 -4654.29 -4610.96 -4633.15 -4706.26 -4650.21 -4639.33 -4570.27 -4562.92 -4530.57 -4533.11 -4503.8 -4506.14 -4520.24 -4546.16 -4566.99
