Test data_DRK/Real data/Topo_proj.grd
DSAA
181 201
-5400000 5400000
-6000000 6000000
-6404.39 20389.2
[rows 0 to 27 of 201, columns 65 to 129 of 181]
1373.95 1537.9 783.489 870.948 1358.61 1514.92 1492.82 1474.19 1463.21 1423.68 1438 1507.97 1472.54 1486.8 1684.88 1916.76 1677.56 1425.3 1443.89 1462.88 1510.7 1505.54 1481.78 1500.09 1493.69 1495.39 1515.39 1530.73 1534.23 1535.46 1539.06 1555.5 1549.04 1539.32 1491.01 1483.08 1483.77 1478.17 1576.89 1605.44 1569.59 1713.99 1756.77 1900.53 1876.51 1754.51 1888.23 1926.1 1783.52 1659.57 1513.94 1371.93 1279.86 1304.26 1234.94 1099.98 1085.76 948.763 965.284 983.577 962.565 955.416 977.095 971.087 1036.95
1407.78 1607.38 512.536 603.318 1306.95 1546.03 1523.93 1495.33 1471.37 1417.34 1426.73 1519.75 1496.69 1547.82 1748.61 1994.09 1545.86 1418.05 1439.23 1444.78 1484.72 1505.54 1460.34 1477.18 1484.97 1484.82 1511.16 1504.76 1502.51 1503.14 1530.6 1552.44 1551.62 1558.7 1511.25 1492.14 1482.26 1476.66 1515.05 1624.94 1639.67 1695.26 1741.97 1854.31 1833.92 1859.94 2055.58 1940.6 1701.96 1693.38 1746.53 1529.61 1275.93 1184.34 1162.74 995.689 1046.79 901.98 937.863 952.464 929.337 931.855 945.076 946.016 1012.56
1586.47 1566.56 783.009 762.748 1361.29 1549.63 1501.76 1513.85 1480.29 1422.47 1463.56 1509.41 1523.45 1546.33 1692.55 1742.71 1382.82 1513.3 1570.97 1528.21 1555.27 1500.5 1472.59 1481.36 1504.27 1457.64 1509.81 1497.71 1495.61 1503 1523.43 1543.41 1536.02 1530.49 1497.51 1480.1 1493.4 1484.54 1540.57 1655.72 1559.51 1219.53 1280.59 1388.4 1415.68 1337.96 1533.55 1415.13 1232.71 1499.66 1634.26 1417.45 1151.23 1022.21 1070.47 963.434 1013.85 909.634 927.307 947.385 930.018 919.365 930.115 934.315 978.456
1583.58 1516.47 1098.31 1087.04 1424.54 1548.92 1487.48 1532.16 1489.28 1428.57 1513.97 1497.21 1542.83 1557.84 1634.56 1463.7 1364.51 1634.99 1718.02 1662.42 1633.94 1502.03 1487.73 1488.1 1526.1 1429.07 1515.59 1487.76 1491.04 1507.05 1516.36 1528.31 1517.4 1496.46 1477.28 1466.3 1505.12 1506.42 1561.19 1689.11 1466.72 698.42 786.769 887.198 967.676 772.169 881.437 844.247 730.866 1270.09 1492.98 1253.23 1004.91 903.395 1023.28 945.132 981.425 921.514 928.591 939.942 932.004 907.806 912.455 925.967 939.284
1580.69 1473.95 1413.61 1411.33 1446.43 1522.27 1486.84 1534.34 1502.43 1434.8 1564.38 1496.87 1561.77 1584.81 1627.82 1340.79 1346.21 1756.68 1865.08 1796.63 1636.68 1519.37 1505.07 1499.99 1544.74 1400.49 1521.37 1477.8 1498.42 1514.43 1517.99 1513.22 1498.77 1462.42 1457.05 1471.57 1513.79 1539.49 1581.1 1717.37 1373.93 177.309 292.95 432.981 521.698 322.337 229.326 251.958 229.02 1054.67 1333.59 1079.85 839.23 798.081 976.077 926.831 948.996 930.452 929.876 929.989 929.115 908.873 894.796 917.619 900.112
1562.55 1457.19 1460.71 1460.15 1465.35 1537.2 1446.61 1491.64 1556.22 1386.75 1623.42 1529.76 1588.76 1595.21 1665.26 1368.47 1475.16 1771.61 1823.75 1804.01 1674.64 1503.47 1499.88 1580.08 1582.57 1476.86 1528.72 1473.14 1503.41 1511.45 1513.54 1506.21 1488.33 1452.32 1450.97 1454.68 1571.76 1575.79 1594.54 1705.14 1265.24 72.2764 226.122 274.528 367.366 167.265 121.657 142.092 79.0715 917.555 1339.49 1094.89 882.402 811.641 949.706 922.766 929.751 921.908 918.86 909.672 906.584 894.443 895.154 914.89 885.996
1540.79 1437.13 1444.05 1443.49 1488.47 1556.14 1391.5 1438.94 1618.44 1278.29 1687 1580.76 1617.66 1608.76 1714.32 1543.25 1608.44 1738.29 1732.97 1727.17 1677.9 1507.98 1489.19 1675.62 1627.79 1578.18 1546.4 1469.74 1507.61 1508.79 1507.42 1501.11 1479.83 1447.9 1448.25 1450.57 1589.81 1618.43 1606.44 1620.82 1112.92 66.1564 260.802 254.39 280.114 114.865 143.417 161.132 17.1915 712.535 1301.75 1154.73 961.056 853.461 928.286 922.086 910.031 911.028 904.92 886.568 883.251 895.651 898.554 911.83 877.836
1465.7 1416.73 1427.39 1438.65 1512.75 1483.04 1318.4 1388.85 1626.64 1169.83 1750.58 1631.76 1628.85 1656.7 1764.3 1726.85 1741.72 1704.97 1642.19 1650.33 1668.04 1556.26 1465.39 1704.35 1685.5 1679.5 1564.08 1471.06 1511.69 1513.21 1501.91 1495.48 1471.8 1443.48 1445.53 1447.85 1566.01 1688.13 1638.2 1536.5 960.599 63.6507 276.782 249.29 190.014 82.905 128.725 180.98 -44.6885 507.515 1264.01 1205.08 1011.04 943.688 942.764 917.546 890.311 899.198 884.863 859.368 864.551 900.751 901.954 908.77 871.746
1348.54 1445.05 1430.76 1445.66 1502.6 1457.75 1404.45 1490.77 1700.48 1298.5 1759.31 1687.07 1656.45 1471.82 1728.35 1709.04 1733.23 1673.78 1648.75 1683.01 1642.16 1519.46 1485.55 1703.94 1652.11 1383.85 1455.4 1525.4 1667.11 1447.87 1433.39 1464.28 1467.3 1456.14 1478.45 1455.88 1566.57 1645.79 1699.74 1583.73 1190.54 525.148 343.083 280.334 213.153 212.693 301.675 -1.95506 587.504 892.91 1319.01 1082.05 986.594 948.592 928.448 905.051 877.347 881.79 868.765 859.475 855.839 895.21 897.057 953.623 941.198
1422.46 1459.4 1437.22 1451.05 1506.19 1466.86 1523.39 1628.73 1705.51 1514.87 1747.82 1743.05 1687.31 1436.33 1632.98 1668.49 1714.93 1642.92 1670.28 1732.53 1612.54 1501.9 1503.2 1635.04 1610.13 1027.18 1327.3 1587.48 1803.93 1370.66 1391.46 1434.86 1473.4 1471.21 1516.84 1465.57 1553.66 1665.01 1746.53 1651.19 1526.04 1052.26 499.171 316.985 296.438 454.767 -37.772 -105.296 1369.02 1369.07 1388.26 945.861 963.792 924.889 917.324 893.927 864.788 863.849 853.695 865.339 852.818 873.434 920.74 1014.26 1024.09
1507.21 1467.93 1448.09 1460.19 1521.28 1572.74 1642.81 1761.09 1706.6 1714.36 1734.12 1777.72 1759.77 1508.84 1449.08 1633.26 1700.18 1616.3 1696.97 1728.89 1551.2 1527.93 1517.76 1575.51 1575.36 719.658 1283.52 1725.08 1722.12 1300.5 1366.9 1416.83 1488.05 1470.64 1499.3 1422.78 1451.6 1724.77 1787.49 1700.63 1817.17 1450.9 668.815 350.253 434.307 718.383 -340.82 -153.886 2100.32 1653.94 1292.3 918.091 955.506 899.22 904.586 881.189 857 850.538 858.651 880.026 858.348 852.422 944.943 1070.54 1102.74
1599.69 1459.2 1510.39 1512.67 1668.9 1625.04 1695.29 1798.88 1713.48 1719.26 1694.86 1728.26 1851.89 1577.56 1688.82 1659.31 1713.25 1651.19 1693.19 1715.3 1357.9 1543.78 1526.44 1623.84 1553.63 978.276 1350.35 1677.14 1574.12 1323.15 1489.22 1530.09 1557.44 1259.22 958.724 859.689 859.992 1720.62 1762.95 1635.38 1597.06 1345.95 994.636 299.662 378.808 868.844 36.8643 428.287 1728.44 1341.33 1147.7 983.784 950.976 883.741 873.25 935.698 925.336 888.299 883.569 989.514 877.98 856.513 961.892 1132.83 1132.56
1541.17 1464.48 1572.68 1565.15 1795.45 1642.78 1751.93 1754.71 1764.44 1724.17 1655.59 1678.8 1937.87 1749.86 1718.9 1683.8 1718.91 1686.68 1689.42 1698.39 1240.32 1554.58 1535.12 1667.47 1506.82 1236.89 1417.17 1617.35 1504.95 1348.54 1576.69 1643.52 1618.22 1047.79 391.652 365.484 251.625 1342.58 1743.75 1542.13 1376.95 1240.99 1320.46 247.51 459.702 985.127 902.573 1010.46 1356.56 1028.73 1018.75 1020.13 933.795 865.963 842.903 1012.72 993.671 932.094 923.225 1052.47 878.424 886.716 967.932 1201.92 1162.39
1551.27 1498.01 1613.19 1622.57 1790.51 1741.53 1833.6 1775.53 1826.92 1785.87 1689.53 1717.46 1997.29 1907.93 1738.69 1703.59 1750.21 1696.96 1678.04 1665.64 1238.41 1549.78 1530.33 1649.01 1430.09 1386.05 1410.15 1503.44 1488.11 1376.17 1604.32 1654.34 1599.67 960.326 300.195 364.669 211.403 1275.2 1605.08 1404.02 1248.49 1262.39 1233.29 369.501 570.671 1025.48 1369.22 1384.29 1127.44 917.307 1033.4 981.849 886.069 857.694 855.108 1058.56 1005.21 939.754 968.936 1089.6 902.884 953.774 1001.6 1163.68 1121.82
1651.89 1510.29 1621.11 1680.41 1755.65 1889.57 1954.61 1882.09 1904.56 1901.15 1812.73 1868.93 2011 1957.25 1759.68 1755.89 1724.46 1673.98 1662.2 1616.5 1324.27 1526.6 1493.52 1518.47 1428.5 1390.8 1429.96 1469.88 1419.18 1401.31 1543.72 1514.96 1476.47 1118.79 836.195 1014.76 937.955 1633.26 1364.93 1301.71 1221.55 1250.9 1075.62 725.646 708.974 965.66 1237.82 1236.92 1098.13 954.545 977.466 913.827 821.897 866.41 903.835 986.458 941.827 899.742 699.658 1110.8 978.073 1060.93 1071.72 983.821 986.333
1745.72 1522.57 1629.04 1738.25 1780.57 1953.75 2160.21 1994.02 1994.49 2012.77 1935.94 2025.81 2005.85 2004.39 1809.54 1822.84 1698.71 1651 1637.03 1533.7 1503.33 1501.25 1439.25 1365.95 1426.92 1395.56 1449.77 1446.51 1404.5 1393.39 1407.44 1375.12 1350.95 1278.05 1409.79 1715.09 1602.5 1317.12 1167.64 1202.67 1194.62 1225.19 1136.18 1089.84 1075.81 1016.13 1080.55 1089.55 1068.81 973.712 920.816 861.138 845.667 887.708 932.218 914.358 878.442 768.33 341.928 1072.37 1093.75 1162.35 1154.78 825.423 850.847
1791.2 1580.36 1671.14 1832.76 1875.67 2083.82 2093.61 1975.09 2030.97 1993.94 1672.36 1561.69 1548.46 2115.58 1921.02 1941.2 1756.8 1679.07 1619.55 1565.11 1543.69 1525.96 1404.49 1358.52 1391.17 1370.05 1408.36 1409.73 1407.9 1374.6 1377.92 1368.19 1359.04 1343.74 1450 1602.21 1551.82 1362.16 1217.25 1235.33 1276.93 772.778 991.833 1193.55 1137.04 1079.5 1100.41 1047.25 1042.77 1013.54 966.687 981.624 853.52 895.972 944.074 916.258 889.583 776.023 609.854 942.439 1061.27 1278.79 1173.04 828.504 823.57
1788.71 1670.75 1716.75 1931.03 1980.15 2111.04 2041.8 2004.95 2059.59 1950.81 1406.98 1033.83 1043.82 1710 2059.52 1998.01 1831.44 1708.1 1608.77 1607.72 1571.09 1514.77 1431.56 1368.59 1327.31 1341.44 1360.68 1373.59 1387.16 1370.74 1378.33 1383.94 1384.75 1361.15 1427.61 1406.6 1376.17 1327.89 1256.23 1288.4 1377.27 290.119 796.116 1256.08 1149.28 1113.69 1067.24 1015.73 1017.06 1060.39 1027.68 1094.83 951.753 923.339 929.975 935.332 906.999 821.22 860.962 847.531 1155.12 1311.55 1156.46 827.675 807.398
1838.07 1784.02 1867.72 2057.2 2111.2 2170.99 2096.56 2103.88 2157.27 2040.05 1557.21 1055.62 1028.29 1372.98 1731.76 2115.05 1883.01 1751.38 1624.08 1630.13 1386.91 1566.86 1449.22 1382.6 1305.37 1346.73 1353.96 1371.29 1375.85 1375.61 1378.97 1385.89 1386.33 1357.96 1337.9 1307.87 1258.78 1310.57 1315.15 1289.12 1384.93 301.018 943.204 1238.33 1158.06 1120.97 1055 1011.17 1031.61 1089.25 1045.13 1112.28 1006.86 945.731 940.661 926.901 919.134 931.684 776.487 851.131 1190.6 1288.4 1191.41 869.507 796.421
1940.26 1958.96 2130.14 2211.79 2236.35 2222.76 2265.16 2273.19 2298 2309.4 2130.98 1615.96 1513.72 1074.41 1427.45 2169.42 1921.55 1813.31 1641.84 1648.75 984.624 1574.35 1466.49 1381.3 1326.16 1386.57 1382.98 1388.61 1375.49 1379.14 1370.95 1368.66 1359.05 1341.07 1323.61 1294.88 1232.51 1396.22 1293.26 1232.39 1287.93 809.402 1167.52 1172.07 1173.73 1131.97 1071.52 1048.85 1089.21 1076.69 1069.02 1034.5 993.303 975.071 901.718 897.454 923.032 897.907 747.906 891.451 1121.54 1303.45 1278.88 954.815 786.462
1957.56 2126.05 2187.7 2174.32 2103.18 2095.72 2391.49 2338.53 2415.08 2534.02 2616.3 2074 1575.83 563.809 1522.48 2168.8 1943.1 1855.57 1653.87 1535.44 883.302 1373.71 1521.29 1340.41 1362.49 1415.64 1397.97 1380.73 1372 1377.92 1359.57 1353.05 1336.34 1325.19 1304.59 1282.96 1283.55 1433.03 1254.9 1184.12 1206.2 1220.71 1203.31 1166.4 1179.95 1140.64 1086.82 1079.93 1124.05 1065.88 1090.46 1011.02 1006.23 1006.34 877.045 879.444 928.899 859.716 776.999 849.573 1074.63 1362.29 1360.84 1046.01 761.03
2025.51 2258.73 1345.14 1349.82 1400.51 1694.37 2119.36 2022.63 2428.62 2562.9 2643.82 2231.53 2040.57 1336.54 1252.6 2055.53 1890.3 1811.8 1693.95 1668.6 1278.26 1246.21 1209.44 1102.58 1502.39 1397.59 1360.31 1340.74 1324.64 1366.41 1351.45 1344.92 1333.63 1310.3 1288.65 1322.84 1219.87 1284.1 1276.11 1172.84 1191.31 1207.17 1154.12 1082.01 1154.68 1147.41 1091.33 1082.19 1042.81 1062.72 1069.25 1015.53 1001.33 1007.31 933.908 911.486 953.269 792.474 764.363 889.737 1173.01 1484.85 1478 1214.79 662.198
2077.41 2373.57 502.578 530.753 594.506 1131.15 1783.18 1737.9 2302.26 2589.68 2671.35 2382.26 2221.99 2074.4 1945.88 1843.82 1816.87 1767.54 1735.02 1654.61 1746.25 1591 997.527 824.417 1545 1379.54 1321.49 1313.21 1265.07 1324.89 1341.64 1336.8 1329.98 1295.41 1278.73 1280.41 1351.64 1157.53 1184.13 1173.83 1176.74 1188.74 1089.98 1039.72 1139.33 1134.95 1097.15 1085.11 961.582 1055.57 1061.11 1011.42 1012.17 991.512 954.574 948.759 976.086 741.852 782.975 1068.38 1369.63 1636.48 1583.16 1383.58 563.365
2026.59 2214.82 1241.12 1282.22 1376.94 1904.91 1957.58 1872.93 2305.11 2360.42 2317.42 2170 2182.78 2082.17 1928.69 1822.1 1777.97 1729.19 1753.1 1716.12 1666.2 1744.74 1171.76 1192.82 1612.17 1414.98 1334 1333.91 1257.79 1319.55 1336.19 1317.15 1310.15 1286.77 1379.07 1265.94 1211.67 1329.57 1177.87 1174.54 1145.44 1151.29 1163.59 1114.45 1191.7 1238.01 1210.16 1240.1 1158.77 1219.8 1128.92 1034.92 1026.61 980.566 946.233 915.969 991.671 928.195 993.316 1457.46 1779.47 1776.19 1303.04 1134.5 738.019
1968.08 2058.58 2028.33 2086.48 2201.25 2279.85 2094.76 2052.24 2181.18 2101.31 1951.74 1987.69 2140.83 2044.14 1907.66 1794.93 1745.78 1691.16 1772.13 1751.83 1639.91 1641.49 1578.27 1559.44 1573.21 1452.06 1348.24 1349.4 1285.02 1309.24 1327.27 1286.64 1289.6 1278.32 1459.75 1188.63 1166.38 1360.15 1269.02 1175.95 1113.52 1114.24 1189.4 1257.16 1291.32 1326.73 1368.82 1400.17 1366.25 1383.08 1216.7 1088.9 1044.12 985.583 941.07 870.905 1002.47 1097.18 1233.19 1657.9 2116.37 1395.96 987.484 872.57 921.091
1913.1 1995.46 2084.85 2120.92 2195.87 2162.53 2107.56 2124.14 2205.18 2115.86 2046.76 1826.41 2127.79 2030.28 1880.03 1792.39 1791.09 1677.03 1497.05 1887.2 1709.79 1713.5 1644.2 1563.5 1263.65 1012.23 1448.97 1414.51 1360.2 1246.44 1296.67 1321.74 1316.99 1288.77 1463.71 1198.84 1169.15 1521.75 1300.82 1233.81 1148.03 1198.85 1243.04 1315.63 1186.37 1399.89 1455.04 1491.8 1516.87 1544.1 1392.86 1304.27 1171 1164.3 1282.35 991.657 951.392 1068.58 1183.6 1256.52 1289.71 504.279 291.042 783.672 872.862
1867.28 1923.32 2001.5 2011.74 2063.29 2089.12 2146.97 2200.66 2232.96 2191.41 2210.04 1672.14 2119.08 2006.39 1878.94 1810.42 1874.43 1658.02 1157.32 2034.46 1808.19 1686.04 1605.44 1384.14 818.159 481.44 1563.64 1492.2 1352.46 1200.83 1299.59 1422.14 1337.46 1291.7 1475.39 1225.34 1300.07 1511.33 1399.77 1277.68 1190.44 1299.26 1318.59 1268.63 1208.28 1476.43 1532.05 1571.24 1659.19 1719.44 1601.09 1496.01 1356.99 1512.8 1771.71 1022.36 888.516 998.534 1050.97 1074.56 630.883 -237.556 -480.037 884.078 805.599
1828.81 1929.85 1995.31 2024.05 2073.44 2058.97 2113.27 2169.22 2176.29 2143.17 1878.28 1806.98 1966.19 1855.83 1808.85 1793.44 1908.52 1759.12 1552.41 2053.14 1796.35 1749.54 1292.63 1509.41 1099.31 969.53 1401.43 1598.73 1554.3 1412.38 1357.16 1464.7 1387.82 1343.29 1462.85 1354.3 1531.62 1503.07 1366.17 1170.72 1273.49 1417.7 1420.38 1443.13 1453.5 1177.67 1677.81 1230.07 1890.05 1095.29 968.679 1023.93 1585.36 1606.93 1419.41 855.876 836.421 891.513 967.562 987.173 469.771 -7.81982 -32.181 980.31 832.328
