Test data_DRK/Real data/Topo_proj.grd
DSAA
181 201
-5400000 5400000
-6000000 6000000
-6404.39 20389.2
[rows 168 to 195 of 201, columns 65 to 129 of 181]
-3283.49 -3244.1 -3231.02 -3163.11 -3195.64 -3175.75 -3172.17 -3169.5 -3168.81 -3159.17 -3151.19 -3157.47 -3164.3 -3167.61 -3149.28 -3134.62 -3131.02 -3094.36 -3098.05 -3091.44 -3097.75 -3105.75 -3082.31 -3021.98 -2982.18 -3031.87 -3038.55 -3045.88 -3046.77 -3055.51 -3072.38 -3099.14 -3128.55 -3141.97 -3170.15 -3218.95 -3263.58 -3295.37 -3352.2 -3429.8 -3507.17 -3568.57 -3625.54 -3647.55 -3745.75 -3778.49 -3844.16 -3903.14 -3941.14 -3977.85 -4033.73 -4080.2 -4131.24 -4182.54 -4224.36 -4273.06 -4326.71 -4376.66 -4403.46 -4425 -4487.91 -4557.08 -4602.25 -4664.57 -4703.98
-3347.36 -3311.62 -3292.43 -3252.58 -3253.85 -3227.74 -3183.9 -3227.99 -3237.31 -3217.86 -3209.59 -3213.3 -3218 -3215.1 -3210.4 -3192.44 -3180.4 -3148.72 -3154 -3160.95 -3172.67 -3172.74 -3158.38 -3145.13 -3105.05 -3120.9 -3111.76 -3131.74 -3128.88 -3130.91 -3127.73 -3167.39 -3196.29 -3218.39 -3244.82 -3294.34 -3336.36 -3375.9 -3408.54 -3489.13 -3565.47 -3620.29 -3696.6 -3708.23 -3805.7 -3837.71 -3889.38 -3949.97 -4000.65 -4037.22 -4099.54 -4141.53 -4179.24 -4236.72 -4275.97 -4323.58 -4368.14 -4410.84 -4451.82 -4477.19 -4516.89 -4564.82 -4643.94 -4692.09 -4722.26
-3409.82 -3376.17 -3355.52 -3351.21 -3322 -3600.51 -3558.72 -3262.88 -3301.49 -3277.14 -3267.23 -3267.76 -3267.75 -3262.4 -3257 -3244.04 -3223.55 -3207.66 -3204.85 -3222.14 -3235.97 -3239.33 -3236.16 -3239.53 -3218.94 -3201.8 -3177.43 -3203.71 -3195.83 -3195.98 -3194.91 -3229.21 -3263.45 -3297.04 -3315.77 -3378.21 -3403.7 -3451.35 -3481.26 -3547.52 -3623.11 -3672.49 -3743.2 -3803.95 -3841.15 -3884.74 -3932.91 -3996.73 -4058.33 -4094.59 -4167.41 -4196.28 -4233.92 -4286.55 -4327.74 -4373.62 -4411.08 -4442.37 -4496.69 -4529.06 -4565.04 -4586.73 -4670.85 -4717.25 -4743.7
-3453.14 -3414.28 -3428.74 -3428.61 -3404.63 -3698.3 -3342.33 -3364.95 -3367.39 -3352.56 -3337.31 -3339.41 -3332.6 -3316.66 -3306.3 -3287.38 -3268.78 -3257.34 -3256.1 -3265.55 -3275.19 -3279.07 -3275.71 -3282.56 -3268.46 -3248.35 -3245.41 -3262.28 -3269.05 -3273.44 -3280.08 -3308.94 -3344.21 -3382.81 -3411.47 -3434.69 -3483.21 -3529.2 -3541.36 -3594.97 -3674.36 -3727.41 -3776.67 -3848.4 -3907.15 -3939.42 -3978.74 -4048.91 -4108.01 -4152.64 -4214.48 -4277.18 -4287.11 -4332.57 -4375.12 -4429.23 -4465.47 -4503.55 -4541.67 -4571.42 -4585.69 -4619.89 -4696.94 -4741.27 -4782.4
-3495.66 -3461.48 -3499.2 -3501.66 -3488.26 -3474.17 -3457.51 -3433.81 -3434.69 -3424.91 -3407.39 -3407.14 -3390.27 -3368.64 -3352.78 -3333.61 -3311.41 -3304.14 -3305.86 -3308.25 -3315.57 -3320.78 -3315.07 -3327.96 -3316.8 -3295.65 -3308.31 -3327.16 -3341.9 -3355 -3365.87 -3385.6 -3424.35 -3466.66 -3490.33 -3509.47 -3560.11 -3596.09 -3601.79 -3647.89 -3727.02 -3778.77 -3818.19 -3907.31 -3964.37 -3986.06 -4028.74 -4101.87 -4159.2 -4208.13 -4268.27 -4331.5 -4370.64 -4379.84 -4422.53 -4486.6 -4517.36 -4557.16 -4587.65 -4598.26 -4622.05 -4657.53 -4725.5 -4766.36 -4817.81
-3558.82 -3546.87 -3557.3 -3548.19 -3534.89 -3534.37 -3520.42 -3485.12 -3490.77 -3488.07 -3476.61 -3470.8 -3452.41 -3425.3 -3407.85 -3396.27 -3339.71 -3345.07 -3359.42 -3358.4 -3361.78 -3369.23 -3354.98 -3372.93 -3357.22 -3346.18 -3363.75 -3380.72 -3399 -3422.05 -3451.76 -3461.39 -3500.65 -3537.91 -3563.59 -3593.35 -3616.09 -3660.16 -3692.23 -3732.27 -3785.63 -3831.32 -3871.24 -3953.79 -4006.06 -4055 -4082.3 -4154.51 -4217.81 -4265.22 -4326.37 -4374.45 -4405.14 -4428.64 -4478.99 -4540.34 -4560.82 -4586.45 -4637.86 -4659.94 -4676.46 -4710.04 -4759.48 -4796.17 -4840.55
-3612.16 -3625.3 -3614.56 -3598.15 -3583.08 -3579.69 -3565.75 -3542.54 -3542.92 -3547.25 -3537.68 -3530.89 -3512.5 -3484.46 -3463.34 -3452.34 -3391.67 -3392.81 -3413.01 -3409.37 -3412.18 -3415.25 -3405.27 -3410.94 -3398.92 -3397.25 -3417.57 -3433.25 -3451.39 -3482.01 -3517.9 -3537.54 -3572.87 -3606.05 -3637.45 -3659.71 -3661.56 -3701.92 -3761.98 -3813.06 -3845.43 -3884.37 -3920.4 -4007.68 -4066.75 -4101.34 -4139.57 -4204.6 -4272.16 -4318.71 -4375.93 -4408.93 -4458.53 -4475.67 -4540.6 -4596.18 -4611.48 -4628.3 -4689.69 -4718.86 -4738.19 -4757.77 -4791.77 -4830.37 -4867.66
-3691.27 -3676.5 -3669.15 -3661.02 -3635.72 -3634.05 -3613.68 -3598.53 -3580.46 -3591.6 -3577.16 -3562.23 -3559.29 -3540.13 -3518.4 -3504.98 -3477.94 -3465.92 -3467.6 -3462.75 -3466.31 -3469.45 -3457.43 -3435.31 -3439.86 -3450.38 -3462.55 -3482.56 -3506.14 -3536.48 -3567.15 -3594.08 -3630.39 -3663.57 -3693.1 -3725.57 -3737.25 -3761.42 -3824.37 -3870.09 -3896.61 -3938.96 -3980.4 -4080.2 -4159.48 -4130.67 -4170.28 -4245.54 -4310.18 -4360.09 -4418.7 -4459.2 -4513.65 -4544 -4603.96 -4660.51 -4688.98 -4724.32 -4763.29 -4782.69 -4785.21 -4795.7 -4839.44 -4884.96 -4911.04
-3764.38 -3725.24 -3722.59 -3718.43 -3694.15 -3698.08 -3673.82 -3649.27 -3625.88 -3638.24 -3621.22 -3593.79 -3610.85 -3592.6 -3568.67 -3555.59 -3544.93 -3534.81 -3520.52 -3514.7 -3518.48 -3515.11 -3503.32 -3479.13 -3478.93 -3501.84 -3508.33 -3530.23 -3559.14 -3587.32 -3615.54 -3645.46 -3684.74 -3718.79 -3746.88 -3784.38 -3813.15 -3837.31 -3882.74 -3928.5 -3949.24 -3995.11 -4042.64 -4119.08 -4195.18 -4159 -4201.97 -4284.3 -4348.04 -4400.9 -4455.88 -4509.39 -4561.36 -4619.35 -4675.79 -4723.65 -4764.06 -4810.95 -4832.42 -4839.6 -4824.53 -4846.26 -4891.8 -4941.98 -4955.56
-3809.74 -3776.24 -3770 -3759.93 -3728.58 -3714.51 -3721.73 -3702.78 -3687.88 -3695.52 -3689.28 -3642.61 -3652.62 -3623.97 -3614.2 -3597.16 -3584.09 -3575.18 -3564.64 -3556.91 -3565.54 -3558.37 -3544.48 -3532.65 -3535.73 -3544.56 -3554.87 -3580.56 -3608.9 -3638.51 -3667.17 -3694.75 -3723.71 -3758.22 -3793.82 -3839.28 -3869.95 -3894.08 -3939.05 -3981.55 -4013.55 -4049.1 -4098.63 -4141.39 -4237.13 -4213.41 -4254.67 -4328.38 -4385.13 -4438.45 -4483.57 -4549.29 -4604.87 -4657.84 -4734 -4778.37 -4820.39 -4874.36 -4913.16 -4918.94 -4908.26 -4934.51 -4963.15 -4984.69 -5007.2
-3848.38 -3828.09 -3816.11 -3799.46 -3776.27 -3740.16 -3748.91 -3752.12 -3752.74 -3752.05 -3753.9 -3688.61 -3694.73 -3665.11 -3644.72 -3635.21 -3622.45 -3614.67 -3607.03 -3598.9 -3608.47 -3607.49 -3583.4 -3577.85 -3591.15 -3587.59 -3601.16 -3631.25 -3660.28 -3687.02 -3715.81 -3745.08 -3764.88 -3797.91 -3843.44 -3893.34 -3925.1 -3948.85 -3996.85 -4036.48 -4077.51 -4103.03 -4154.38 -4198.55 -4234.75 -4275.14 -4302.28 -4373.77 -4423.82 -4475.09 -4519.33 -4591.93 -4660.36 -4709.98 -4782.37 -4832.68 -4876.83 -4933.92 -4991.33 -4996.94 -5010.57 -5032.7 -5041.37 -5027.54 -5056.53
-3891.7 -3842.22 -3888.36 -3811.65 -3817.79 -3793.41 -3820.2 -3793.54 -3793.67 -3783.76 -3780.98 -3729.22 -3732.18 -3700.76 -3700.48 -3660.95 -3632.6 -3650.41 -3608.38 -3647.64 -3643.22 -3635.92 -3622.07 -3620.89 -3635.9 -3640.84 -3656.67 -3681.8 -3712.18 -3740.72 -3752.6 -3791.04 -3807.02 -3846.2 -3890.37 -3934.86 -3972.48 -3999.42 -4055.06 -4089.96 -4126.21 -4155.38 -4206.73 -4282.49 -4322.75 -4359.93 -4393.84 -4462.25 -4517.61 -4561.74 -4605.53 -4660.97 -4734.37 -4774.06 -4839.21 -4888.74 -4936.85 -4976.34 -5014.35 -5031.68 -5066.53 -5089.73 -5093.55 -5076.05 -5088.12
-3928.67 -3848.09 -3961.01 -3827.89 -3864.3 -3859.53 -3857.2 -3845.89 -3826.16 -3815.35 -3808.05 -3769.14 -3768.72 -3753.67 -3739.29 -3664.56 -3646.14 -3687.42 -3610.58 -3692.11 -3674.23 -3672.3 -3666.74 -3661.96 -3681.94 -3694.1 -3711.67 -3732.87 -3765.3 -3774.85 -3799.54 -3836.17 -3848.54 -3894.49 -3936.3 -3979.15 -4021.93 -4059.44 -4109.67 -4142.76 -4174.5 -4207.73 -4267.57 -4368.69 -4408.09 -4444.32 -4495.38 -4545.29 -4611.48 -4648.36 -4685.69 -4733.2 -4799.18 -4838.14 -4888.85 -4946.5 -4996.87 -5015.89 -5042.48 -5081.44 -5122.11 -5149.3 -5140.48 -5124.78 -5119.71
-4002.4 -3946.12 -4031.98 -3866.72 -3881.65 -3898.17 -3889.47 -3874.66 -3855.47 -3830.04 -3839.39 -3803.51 -3809.22 -3795.35 -3781.06 -3725.86 -3703.64 -3743.65 -3680.33 -3732.57 -3713.36 -3715.92 -3715.94 -3710.84 -3731.74 -3746.65 -3762.97 -3790.72 -3817.58 -3837.11 -3840.69 -3882.28 -3897.51 -3944.64 -3979.32 -4023.66 -4064.73 -4132.29 -4192.08 -4222.02 -4258.91 -4293.43 -4350.37 -4437.65 -4476.39 -4520.29 -4559.03 -4605.09 -4667.96 -4703.33 -4741.53 -4770.93 -4840 -4878.97 -4927.07 -4968.31 -5013.68 -5029.99 -5060.57 -5090.01 -5121.51 -5149.01 -5140.65 -5146.46 -5152.02
-4093.77 -4065.2 -4102.57 -3906.56 -3917.6 -3903.53 -3945.04 -3909.36 -3884.05 -3840.86 -3869.71 -3855.04 -3826.54 -3838.59 -3821.37 -3794.22 -3771.2 -3804.28 -3768.67 -3768.08 -3758.83 -3758.52 -3764.08 -3761.46 -3782.4 -3799.05 -3813.63 -3843.55 -3878.27 -3895.56 -3889.71 -3928.51 -3948.17 -3996.6 -4019.59 -4070.43 -4107.66 -4189.75 -4277.88 -4307.33 -4351.58 -4383.5 -4455.6 -4503.9 -4542.41 -4591.28 -4616.74 -4659.22 -4715.6 -4748.8 -4793.77 -4814.01 -4871.55 -4917.82 -4955.65 -4975.24 -5021.48 -5040.38 -5073.54 -5094.6 -5114.47 -5126.93 -5145.42 -5164.65 -5184.94
-4104.08 -4082.95 -4135.09 -3976.52 -3973.7 -3954.19 -3974.48 -3978.98 -3935.83 -3897.75 -3911.24 -3906.94 -3889.53 -3895.42 -3881.26 -3835.33 -3828.81 -3849.1 -3827.91 -3806.18 -3805 -3802.55 -3809.41 -3806.22 -3832.99 -3844.46 -3865.09 -3895.87 -3926.93 -3942.65 -3942.44 -3978.38 -4007.59 -4056.87 -4073.44 -4132.31 -4163.22 -4247.8 -4332.78 -4373.52 -4423.01 -4457.41 -4529.9 -4561.41 -4601.19 -4647.13 -4665.97 -4697.96 -4743.16 -4783.66 -4820.03 -4848.01 -4894.29 -4940.89 -4974.2 -4985.54 -5024.08 -5045.73 -5078.63 -5100.73 -5111.1 -5113.27 -5144.04 -5166.25 -5188.03
-4034.83 -4017.85 -4132.61 -4076.04 -4049.58 -4045.49 -4000.52 -4056.93 -4026.22 -3996.86 -3958.51 -3959.18 -3997.34 -3966.27 -3942.83 -3876.12 -3877.32 -3872.73 -3858.6 -3846.82 -3851.86 -3848.78 -3851.5 -3856.91 -3880.68 -3883.03 -3917.34 -3947.7 -3963.2 -3983.09 -3994.33 -4024.01 -4096.74 -4125.29 -4140.62 -4209.02 -4231.68 -4304.93 -4373.4 -4431.16 -4473.6 -4515.46 -4573.86 -4610.34 -4650.54 -4681.44 -4687.72 -4721.59 -4751.04 -4808.13 -4829.16 -4872.48 -4907.81 -4949.12 -4985.61 -5001.3 -5021.59 -5046.15 -5083.19 -5106.44 -5106.21 -5106.71 -5128.28 -5152.16 -5163.15
-4032.94 -3969.21 -4139.55 -4150.02 -4134.83 -4050.39 -4066.41 -4131.63 -4111.08 -4090.16 -4009.33 -4033.73 -4070.86 -4045.22 -3981.66 -3920.98 -3927.48 -3900.33 -3893.72 -3892.08 -3899.42 -3897.56 -3892.68 -3906.62 -3927.17 -3924.05 -3970.6 -3990.61 -4010.04 -4024.08 -4052.65 -4069.79 -4179.92 -4192.65 -4209.96 -4276.88 -4304.6 -4342.22 -4418.22 -4487.45 -4523.9 -4569.2 -4618.43 -4658.3 -4692.96 -4706.03 -4705.94 -4741.19 -4764.02 -4826.28 -4847.34 -4887.51 -4915.32 -4956.46 -4995.14 -5015.15 -5019.34 -5048 -5088.18 -5101.39 -5100.36 -5099.35 -5113.58 -5138.23 -5138.19
-4095.84 -4068.45 -4192.64 -4168.07 -4109.21 -4141.69 -4043.04 -4162.53 -4145.86 -4127.01 -4087.77 -4096.78 -4118.29 -4101.47 -4011.51 -4002.99 -3993.64 -3959.37 -3950.44 -3946.75 -3957.66 -3977.19 -3951.31 -3931.57 -3962.03 -3989.02 -4020.01 -4053.62 -4097.91 -4104.89 -4097.42 -4121.29 -4204.87 -4242.18 -4265.19 -4327.83 -4360.79 -4407.59 -4476.91 -4528.64 -4571.44 -4604.48 -4651.25 -4682.47 -4712.37 -4728.12 -4695.64 -4808.02 -4787 -4827.86 -4857.24 -4890.68 -4923.24 -4950.52 -4984.44 -5010.39 -5017.75 -5047.6 -5082.24 -5091.48 -5090.06 -5090.59 -5104.58 -5116.53 -5112.44
-4207.56 -4164.71 -4245.73 -4225.51 -4024.03 -4155.16 -4108.96 -4170.96 -4183.49 -4163.85 -4166.21 -4181.16 -4145.23 -4139.19 -4075.29 -4079.18 -4059.8 -4018.4 -4007.48 -4001.88 -4025.64 -4060.23 -4023.91 -3964.06 -3996.89 -4053.99 -4064.78 -4118.2 -4159.71 -4193.78 -4158.62 -4171.93 -4229.83 -4291.7 -4323.43 -4376.95 -4412.69 -4466.69 -4520.09 -4568.65 -4618.98 -4639.34 -4690.47 -4704.67 -4733.54 -4754.26 -4695.02 -4904.29 -4809.98 -4829.45 -4865.92 -4896.27 -4925.2 -4947.93 -4974.56 -5005.64 -5016.17 -5047.2 -5075.2 -5084.93 -5084.1 -5086.24 -5092.3 -5093.95 -5086.69
-4290.73 -4221.25 -4278.71 -4299.19 -4025.32 -4198.98 -4174.43 -4163.89 -4205.73 -4204.15 -4217.04 -4240.43 -4181.54 -4169.01 -4124.27 -4128.16 -4167.67 -4087.87 -4066.11 -4061.78 -4079.31 -4125.44 -4089.12 -4031.44 -4073.97 -4120.23 -4123.8 -4179.54 -4205.04 -4265.07 -4225.46 -4228.6 -4283.69 -4342.69 -4373.45 -4420.04 -4450.95 -4505.97 -4554.17 -4603.08 -4646.31 -4665.33 -4719.86 -4731.51 -4761.41 -4781 -4739.58 -4959.5 -4824.45 -4837.19 -4866.86 -4887.23 -4923.18 -4945.91 -4967.27 -4995.43 -5007.17 -5035.26 -5056.32 -5068.02 -5070.62 -5072.76 -5076.93 -5076.13 -5069.57
-4352.27 -4247.68 -4296.45 -4295.42 -4143.38 -4265.8 -4204.42 -4169.17 -4216.3 -4264.18 -4248 -4261.57 -4224.96 -4195.79 -4161.64 -4255.64 -4207.69 -4165.27 -4138.22 -4105.53 -4130.63 -4171.4 -4152.48 -4134.73 -4188.74 -4187.43 -4172.88 -4260.07 -4251.91 -4316.77 -4287.74 -4305.78 -4348.63 -4394.79 -4417.25 -4458.55 -4478.82 -4532.7 -4584.14 -4628.76 -4656.13 -4684.58 -4734.59 -4757.02 -4791.03 -4808.18 -4798.1 -4910.04 -4837.29 -4847 -4873.09 -4877.64 -4914.8 -4939.29 -4958.61 -4981.08 -4992.45 -5018.27 -5033.77 -5041.95 -5049.4 -5054.21 -5059.95 -5063.29 -5060.13
-4397.01 -4281.83 -4314.2 -4291.64 -4271.37 -4231.22 -4169.31 -4203.71 -4224.42 -4324.21 -4278.96 -4282.71 -4251.93 -4217.31 -4191.84 -4408.17 -4247.71 -4241.92 -4210.33 -4148.94 -4191.79 -4205.38 -4226.48 -4241.95 -4301.52 -4254.63 -4221.96 -4343.51 -4310.8 -4349.61 -4353.43 -4383.18 -4415.61 -4446.73 -4459.12 -4489.58 -4505.24 -4559.88 -4615.1 -4654.43 -4665.94 -4703.29 -4749.31 -4779.3 -4804.62 -4821.85 -4836.21 -4860.59 -4850.12 -4856.82 -4879.89 -4876.88 -4892.9 -4930.98 -4949.93 -4966.73 -4977.73 -4999.71 -5011.87 -5016.28 -5022.97 -5036.46 -5042.96 -5050.46 -5050.69
-4456.46 -4359.87 -4382.21 -4345.61 -4330.24 -4326.48 -4214.05 -4254.57 -4289.67 -4333.96 -4328.65 -4304.54 -4274.45 -4251.05 -4241.47 -4342.76 -4226.38 -4264.34 -4248.92 -4195.61 -4243.89 -4247.71 -4278.28 -4281.55 -4322.96 -4295.99 -4269.3 -4392.46 -4359.75 -4390.2 -4409.85 -4427.99 -4455.14 -4487.06 -4497.81 -4535.23 -4549.29 -4602.66 -4653.23 -4691.48 -4699.41 -4727.25 -4762.37 -4800.89 -4845.66 -4862.88 -4856.54 -4865.22 -4864.03 -4869.16 -4885.71 -4881.78 -4909.97 -4927.02 -4941.64 -4942.48 -4968.04 -4985.61 -4995.26 -5002.01 -5007.65 -5020.19 -5034 -5038.21 -5042.68
-4488.75 -4463.92 -4456.85 -4395.85 -4400.21 -4388.01 -4289.21 -4321.82 -4365.02 -4339.34 -4379.96 -4326.43 -4297.15 -4285.59 -4287.22 -4258.44 -4259.03 -4283.72 -4276.91 -4251.22 -4287.1 -4295.55 -4326.67 -4315.28 -4336.96 -4335.1 -4334.25 -4412.2 -4412.03 -4434.7 -4463.85 -4469.97 -4491.38 -4526.89 -4539.44 -4571.11 -4596.95 -4647.33 -4692.02 -4729.51 -4734.94 -4752.01 -4775.29 -4823.2 -4882.79 -4887.32 -4876.27 -4874.55 -4878.02 -4881.72 -4891.45 -4889.74 -4917.61 -4923.43 -4933.39 -4909.11 -4959.07 -4974.49 -4979.12 -4988.44 -4992.16 -5002.25 -5025.75 -5026.01 -5034.78
-4518.15 -4550.9 -4521.4 -4454.11 -4471.87 -4440.13 -4385.84 -4391.98 -4444.2 -4363.15 -4426.78 -4346.95 -4336.6 -4324.43 -4321.89 -4302.88 -4292.54 -4305.77 -4304.98 -4303.1 -4339.69 -4344.15 -4368.89 -4359.95 -4362.43 -4375.07 -4397.88 -4434.24 -4462.73 -4481.04 -4504.83 -4517.23 -4530.06 -4565.9 -4580.18 -4606.92 -4642.79 -4691.04 -4733.4 -4763.8 -4767.33 -4773.34 -4793.95 -4851.04 -4912.21 -4904.88 -4893.87 -4889.69 -4892.5 -4893.4 -4898.68 -4910.42 -4916.76 -4921.63 -4929.88 -4880.28 -4949.94 -4963.31 -4965.83 -4975.14 -4977.89 -4986.79 -5013 -5016.03 -5030.83
-4528.69 -4526.76 -4520.38 -4564.61 -4554.49 -4509.15 -4417.8 -4482.12 -4514.72 -4396.47 -4477.78 -4393.23 -4393.49 -4394.13 -4360.31 -4341.98 -4338.18 -4345.21 -4333.54 -4330.64 -4456.65 -4375.09 -4405.61 -4394.08 -4409.01 -4420.63 -4452.96 -4473.82 -4497.75 -4516.06 -4541.86 -4547.69 -4570.65 -4599.56 -4615.2 -4642.28 -4671.69 -4722.66 -4753.42 -4772.15 -4778.5 -4791.02 -4812.99 -4846.16 -4915.95 -4910.66 -4904.57 -4908.14 -4912.9 -4915.5 -4917.38 -4932.52 -4933.76 -4931.2 -4932.49 -4894.24 -4939.74 -4951.75 -4953.01 -4968.68 -4975.85 -4987.47 -5011.64 -5020.02 -5027.77
-4539.23 -4502.62 -4519.36 -4675.11 -4637.06 -4563.88 -4492.52 -4586.16 -4555.52 -4429.79 -4528.78 -4465.31 -4402.33 -4457.92 -4407.4 -4381.03 -4387.48 -4384.64 -4362.1 -4358.18 -4554.2 -4409.54 -4433.92 -4438.28 -4455.59 -4466.19 -4508.04 -4517.68 -4534.78 -4554.01 -4560.22 -4591.21 -4610.77 -4633.22 -4650.22 -4677.22 -4701.81 -4747.52 -4760.56 -4781.33 -4789.72 -4808.7 -4832.03 -4860.1 -4910.57 -4915.66 -4925.65 -4925.48 -4933.3 -4937.6 -4936.08 -4953.15 -4945.98 -4935.28 -4933.17 -4911.24 -4929.54 -4940.19 -4937.37 -4957.49 -4971.4 -4987.7 -5010.28 -5024.44 -5024.71
