Test data_DRK/Single Mount case/1Topo.grd
DSAA
325 251
-5100000 1380000
-2500000 2500000
-4.4592909809182E-007 19999.999989679
[rows 144 to 161 of 251, columns 0 to 40 of 325]
3.6273227265942E-034 -2.3076390516086E-034 1.4509828912521E-034 2.9095459710021E-034 -1.9272499661122E-034 -5.9525674016077E-034 -5.7628268810754E-034 -1.4467010031674E-034 1.7347230631249E-034 9.5919405876678E-035 9.9020229955614E-035 6.9953395022449E-035 -1.8403941390668E-035 -1.7298461121975E-035 -2.8636461449593E-035 -6.8211766301524E-036 8.4768112460981E-036 3.5416114502413E-036 2.8814140592393E-036 -1.418593402434E-036 -3.7972322383289E-036 -2.3922401277375E-036 4.3054902339333E-037 6.5596224194959E-037 9.0353398478687E-037 1.2517843380305E-037 -3.0580265809577E-037 -1.2348631440055E-037 -7.96207792663E-038 5.6777525924569E-038 1.3737126734215E-037 6.5481638310127E-038 -2.2766358728086E-038 -2.2326796425535E-038 -2.7616350162545E-038 -1.1824212553095E-039 1.233605658671E-038 4.8187466328016E-039 1.8051848079511E-039 -2.3690435419852E-039 -5.1173736008552E-039
4.7192315681014E-039 5.3400218882184E-038 8.6248834047798E-038 9.2766781684875E-038 -5.4519558485988E-038 -1.8568298085599E-037 -1.8989920315731E-037 -4.6258133676972E-038 8.2042865018256E-038 8.8615231615845E-037 7.0165654054176E-037 -4.9643237076951E-037 -8.2620240902913E-037 -3.2395243905216E-036 -2.8649583558415E-036 6.2923272990948E-036 -3.2393532751187E-036 5.4618450361957E-036 2.3355761660503E-037 -1.6221613162839E-035 5.4822881543135E-035 5.7627053452512E-035 1.7255411824147E-034 1.8751792210204E-034 -1.1270394581033E-034 -5.2219608183174E-035 -9.0558796622527E-034 -1.3769702119565E-033 -1.6429366788937E-033 2.2043901555052E-033 7.5453611344561E-033 1.0117390674492E-032 -1.2528871592861E-033 -2.5177293810597E-032 -4.7394062205739E-032 -2.7384840679545E-032 -3.6573932402407E-032 1.5044743523548E-031 2.3030579578124E-031 1.2246055521023E-031 3.9020755298728E-031
-2.3355297156794E-039 -1.3271243727626E-038 7.2321584837713E-039 2.3408980948469E-038 1.1199701821608E-038 -2.1627329775333E-038 -2.4175688876279E-038 -1.1463720569109E-038 -3.2828526816182E-039 5.0267503337545E-039 6.2936881228019E-039 3.0628124419688E-039 -1.286551452579E-039 -1.0817730660683E-039 -1.2244111316137E-039 -3.3271951514138E-041 5.903707265327E-040 2.3875570697177E-040 9.4357839175549E-041 -1.0894629124781E-040 -2.5042802617841E-040 -1.5867512085431E-040 5.2785927561337E-041 4.6024507783727E-041 5.1693081272261E-041 4.6774659455076E-042 -2.2100206328051E-041 -9.8005073523164E-042 -6.2282129018801E-042 3.6614595802551E-042 1.0497391338393E-041 5.0366342373446E-042 -2.0800317828758E-042 -1.8880118879419E-042 -1.9811748621243E-042 -1.6074040292336E-044 9.7557280127086E-043 3.9422706037281E-043 1.524678120233E-043 -1.8110687641727E-043 -4.1652507736357E-043
-8.0400700370177E-091 -8.7165735096147E-090 -1.4173305345958E-089 -1.3795858346311E-089 8.8257896868754E-090 3.0076769949435E-089 3.0742516976018E-089 7.4785922362568E-090 -1.3307345173404E-089 -1.4350017143246E-088 -1.1349247038338E-088 8.0571343194355E-089 1.3391048364381E-088 5.2446547760583E-088 4.6326426484519E-088 -1.0196143885108E-087 5.2319583924415E-088 -8.8348242157159E-088 -3.6352392495627E-089 2.6304540187135E-087 -8.8705391529346E-087 -9.3343303018629E-087 -2.7928082175911E-086 -3.0354968753753E-086 1.8242967286864E-086 8.5176225915512E-087 1.4655003046526E-085 2.2277755058636E-085 2.6575201461268E-085 -3.5690605173426E-085 -1.2207081005509E-084 -1.6364284991327E-084 2.0326910425389E-085 4.074298748607E-084 7.6674791778062E-084 4.4276922766522E-084 5.915130606195E-084 -2.4341902136306E-083 -3.7260641527837E-083 -1.980075906204E-083 -6.3130399270968E-083
5.8240687127943E-092 3.0636183509628E-090 -5.4464641226868E-091 -3.6010945289362E-090 -1.948075341178E-090 3.5518666858282E-090 4.1884058101642E-090 2.2883157621433E-090 1.3168717816121E-090 -8.4041453336593E-091 -1.1872494273771E-090 -7.012739476002E-091 1.6977424230168E-091 2.0608668796492E-091 2.0450486018008E-091 1.6069418722474E-092 -8.512787649821E-092 -3.5575036336594E-092 -2.0272505349914E-092 1.5150288108206E-092 4.1148012216944E-092 2.3430307115246E-092 -6.5530373215807E-093 -5.8745387344647E-093 -6.9103439799301E-093 -4.7566988409396E-094 3.0292636445867E-093 1.2727724877079E-093 6.6679779427621E-094 -5.3688338106654E-094 -1.4367418276262E-093 -8.2076233763839E-094 2.2951084024804E-094 2.4820887716082E-094 2.4269427979538E-094 1.8072016241757E-095 -1.0510802435623E-094 -4.3823491939262E-095 -2.3595819821747E-095 1.8620531118159E-095 5.0051084542223E-095
-2.3782956564813E-192 8.8694460501075E-192 2.0567952034311E-191 3.3020006188664E-191 7.546251940756E-192 -3.1420552689177E-191 -2.723373493803E-191 1.7705219323921E-192 5.8535849242868E-191 1.5459257905037E-190 5.1215871849804E-191 -1.2237079148295E-190 -3.361070595576E-190 -4.8632336763612E-190 -2.3011264569208E-190 8.1580025181743E-190 7.8790791515846E-190 1.6638137205584E-190 -1.2979364420287E-189 -4.0927554061064E-189 -1.5319102524563E-189 3.0265919848777E-189 9.073774288259E-189 1.4022175174867E-188 8.2646173700005E-189 -1.7713850868109E-188 -2.2608598271835E-188 -1.7983147664544E-188 1.321316581992E-188 9.3969127376168E-188 4.6858393870257E-188 -6.2206104195648E-188 -2.2520176523262E-187 -4.0587652260198E-187 -3.4277485712972E-187 1.2748116602434E-187 5.9773089833673E-187 1.2534886104952E-186 1.0244736427741E-186 -1.2945259606551E-186 -1.6368269219763E-186
-3.4026867910113E-192 -7.8289764347281E-192 5.0376827797845E-193 8.2615136476133E-192 6.3801979441565E-192 -2.4532489328359E-192 -7.1488940860148E-192 -4.6461476956422E-192 -2.9001265781767E-192 1.3705608723084E-192 1.9751898178632E-192 1.3961317650621E-192 -2.5274587795737E-193 -3.6239755955275E-193 -5.936564605624E-193 -1.1168074956921E-193 1.5874650723386E-193 6.4486096232708E-194 5.3390869387904E-194 -3.0089102635449E-194 -7.2865260184845E-194 -3.2046098956626E-194 1.1232824812064E-194 1.2864388543113E-194 1.6748221115375E-194 1.554485061963E-195 -6.1763379983705E-195 -2.2655051532024E-195 -8.4986067514754E-196 1.2692659548457E-195 2.5094116948435E-195 1.4596987992957E-195 -4.5719566995442E-196 -4.8226224115262E-196 -5.6317058176269E-196 -7.5042515236685E-197 2.0405611990228E-196 8.5308715636772E-197 5.4970027633738E-197 -3.6250707168853E-197 -9.1665925586976E-197
-2.4291811429509E-290 -5.1536882041091E-290 -7.5850872500704E-290 -8.2598405672067E-290 3.4547459075199E-290 1.6534936386134E-289 9.3818565168235E-290 -8.3647636790707E-290 -3.3656531509233E-289 -6.0088725130926E-289 -1.5897727760681E-289 1.427540307737E-289 9.4147348148073E-289 1.2837766212535E-288 -6.6521861292201E-290 -4.1585668726717E-288 -3.0879403357738E-288 -3.9128715883744E-289 7.1981020802258E-288 1.8118186424272E-287 1.3047327157855E-287 1.460467749421E-287 -1.9903996336616E-287 -5.9224430446015E-287 -4.8799749737146E-287 5.6881557988647E-287 8.3468068823989E-287 1.5153874141943E-286 -6.3850132098948E-288 -4.0463843141679E-286 -7.39617131639E-286 -1.4234817495092E-285 -7.8264996736246E-287 2.464321600464E-285 4.1391219215014E-285 3.115127315291E-285 -1.3692751990734E-285 -1.2245025479376E-284 -1.007737982157E-284 4.664147795508E-285 3.477770996394E-284
-1.792954906615E-290 1.3244980835128E-290 -7.8355866085959E-291 -1.5856763112441E-290 1.0375717686911E-290 3.1950417019852E-290 3.0880416144808E-290 7.7543184913445E-291 -9.3023506691839E-291 -5.1894176134826E-291 -5.8222626663332E-291 -2.952340397593E-291 7.054764486444E-292 6.2906308040142E-292 1.2438535999359E-291 2.6184793929618E-292 -3.9625218936765E-292 -1.3730742984769E-292 -5.7570285687624E-293 7.9104985989286E-293 1.4833738243212E-292 6.6105704664032E-293 -5.4671917673105E-294 -1.4412241116289E-293 -2.9741025470425E-293 -3.7214325250901E-294 9.8584305340705E-294 3.0266155323358E-294 3.6398298838318E-295 -2.266978574476E-294 -3.4417095682392E-294 -1.4872497667588E-294 2.5473354823928E-295 3.8351920923399E-295 6.4966648610432E-295 7.222272446733E-296 -2.3708489024028E-295 -7.6342170808433E-296 -1.0519699772771E-296 5.2298035014904E-296 8.5237158654011E-296
0 0 0 0 0 0 0 0 0 0 0 0 0 0 0 0 0 0 0 0 0 0 0 0 0 0 0 0 0 0 0 0 0 0 0 0 0 0 0 0 0
0 0 0 0 0 0 0 0 0 0 0 0 0 0 0 0 0 0 0 0 0 0 0 0 0 0 0 0 0 0 0 0 0 0 0 0 0 0 0 0 0
0 0 0 0 0 0 0 0 0 0 0 0 0 0 0 0 0 0 0 0 0 0 0 0 0 0 0 0 0 0 0 0 0 0 0 0 0 0 0 0 0
0 0 0 0 0 0 0 0 0 0 0 0 0 0 0 0 0 0 0 0 0 0 0 0 0 0 0 0 0 0 0 0 0 0 0 0 0 0 0 0 0
0 0 0 0 0 0 0 0 0 0 0 0 0 0 0 0 0 0 0 0 0 0 0 0 0 0 0 0 0 0 0 0 0 0 0 0 0 0 0 0 0
0 0 0 0 0 0 0 0 0 0 0 0 0 0 0 0 0 0 0 0 0 0 0 0 0 0 0 0 0 0 0 0 0 0 0 0 0 0 0 0 0
0 0 0 0 0 0 0 0 0 0 0 0 0 0 0 0 0 0 0 0 0 0 0 0 0 0 0 0 0 0 0 0 0 0 0 0 0 0 0 0 0
0 0 0 0 0 0 0 0 0 0 0 0 0 0 0 0 0 0 0 0 0 0 0 0 0 0 0 0 0 0 0 0 0 0 0 0 0 0 0 0 0
0 0 0 0 0 0 0 0 0 0 0 0 0 0 0 0 0 0 0 0 0 0 0 0 0 0 0 0 0 0 0 0 0 0 0 0 0 0 0 0 0
