Test data_DRK/Single Mount case/1Topo.grd
DSAA
325 251
-5100000 1380000
-2500000 2500000
-4.4592909809182E-007 19999.999989679
[rows 126 to 143 of 251, columns 82 to 122 of 325]
4.1233590151117E-047 -5.3295815382794E-047 -6.1400529312596E-047 -7.8486476772236E-048 1.3442108710026E-048 1.1987757584468E-047 7.3454744653883E-048 7.2700356135196E-049 -1.0599491864756E-048 -2.3520239726525E-048 -2.7311556228031E-048 -1.4174749288971E-049 6.6108329387613E-049 4.1606860369861E-049 4.4831579017469E-049 7.9805316749423E-050 -1.2712121586246E-049 -1.1855431215899E-049 -1.2015083402742E-049 -1.1740239936856E-050 5.5907507733107E-050 2.5151666406033E-050 7.9297154909101E-051 -7.6038090525551E-051 -1.2347426756413E-050 -7.1610077767204E-051 3.302549378582E-052 2.8767439797833E-051 3.6498367625434E-051 1.2854548414693E-051 -3.7033763534864E-052 -6.0571847372887E-052 -4.8434319022323E-052 3.0288036712861E-053 1.4290778068565E-052 1.4155180720936E-052 4.4354471816413E-053 -2.1184964569154E-053 -4.9614520979876E-053 -2.5806999985E-053 -5.7430327238378E-054
-5.4939360275078E-022 8.9913583458298E-021 1.4754847780474E-020 1.3802621658319E-020 -8.917859754383E-021 -4.7870084403012E-020 -3.3269763568948E-020 1.8687422413896E-020 8.8109273248336E-020 1.8853614006618E-019 2.2777467706521E-020 -2.9660023880806E-019 -5.041750039537E-019 -5.0474978373966E-019 2.4080122542048E-019 1.5075591666306E-018 1.1628654471099E-018 -2.9775956690736E-019 -2.4678072881443E-018 -6.0606820237898E-018 -9.8696421081206E-019 9.1377300805428E-018 1.6520621708122E-017 1.8451217312165E-017 -3.8974350865121E-018 -4.2109279718407E-017 -3.8651234051843E-017 -8.9352394718066E-018 5.0822463855688E-017 1.7572489343009E-016 2.9026982834353E-017 -2.4736109554185E-016 -4.9818912019029E-016 -7.1265409878324E-016 -7.8575704881163E-017 1.1906430464474E-015 1.974912992577E-015 1.8896603346805E-015 -1.115204803263E-015 -6.2463872921511E-015 -4.4652986542999E-015
-2.152793801766E-047 -3.0680868031843E-047 -2.859909018825E-047 8.9207397212428E-049 4.4383905856579E-048 7.3779006451558E-048 2.4319642932902E-048 -1.1037351264596E-048 -1.9332080123849E-048 -1.2729566682851E-048 -7.0909124805753E-049 1.7664439567807E-049 3.8857546011446E-049 1.7765718315645E-049 1.0768894221932E-049 -4.3210754087629E-050 -4.6686213326709E-050 -1.8641240359848E-050 -1.0780416574743E-050 1.0259325750976E-050 2.1666220739803E-050 3.0406516712958E-051 -2.8323696670896E-051 -3.5571161186518E-051 -3.5354284362327E-051 -5.0718300036875E-052 6.0362392762929E-052 6.6202481328255E-052 6.6234853409478E-052 3.1225049858859E-053 -3.5343997162754E-052 -1.1276504732692E-052 -1.6536482864235E-053 4.929606210564E-053 6.10562594001E-053 1.9704893053774E-053 -4.5564970459741E-054 -8.751628498545E-054 -1.4526448895952E-053 -3.563002041013E-054 3.0780771407594E-054
-5.4192305404525E-021 3.5571945997509E-021 1.9114538557161E-020 3.0925122232613E-020 1.0453779616854E-020 -4.8559434594125E-020 -6.0118831715225E-020 -4.7841871399723E-020 6.4337763673402E-020 2.9865680593465E-019 1.4946516805073E-019 -1.0938262902454E-019 -5.2458240855813E-019 -8.3538296467458E-019 -2.6254051032521E-019 1.3367308826228E-018 1.5988956246167E-018 1.2865634379755E-018 -1.5038767877604E-018 -7.4681839351826E-018 -3.800370601199E-018 3.3800950933141E-018 1.4457998195081E-017 2.4838999546E-017 8.5285454925855E-018 -2.049421738804E-017 -3.4811960781709E-017 -4.7228985979763E-017 3.7609123205841E-018 1.585272385253E-016 1.2301351564079E-016 3.4289522331371E-017 -3.7388315516146E-016 -8.4010889694439E-016 -4.8283409851757E-016 3.5881221754618E-016 1.9080732914078E-015 3.188569251076E-015 1.127011305867E-015 -3.7314857993984E-015 -5.3715324141791E-015
-1.880131329599E-046 -4.4849383097232E-047 -1.9920701037946E-048 2.4335666850027E-047 4.6829389937995E-047 2.3799005463011E-047 -3.9389043927868E-048 -1.1687514634236E-047 -1.4046843312422E-047 -4.1633803238328E-048 1.6227771051226E-048 1.9966863776772E-048 1.3802999122165E-048 -2.4133743676399E-049 -9.1967115889517E-049 -6.769374748323E-049 -8.816500398795E-050 1.8730190068865E-049 2.9428612432093E-049 1.4320201559736E-049 4.8940750434182E-050 -3.3419578904259E-050 -4.2377342689258E-050 -1.408958818186E-050 3.0344222615429E-051 8.6782037318515E-051 4.7370282675366E-051 2.3058257865607E-052 -1.7456332958069E-051 -2.1883454569029E-051 -2.2716403988729E-051 -4.2391491319844E-053 5.7406713438215E-052 3.1235009737342E-052 3.7573917492127E-052 7.5693662309343E-053 -1.0372592396629E-052 -8.1643948266561E-053 -1.0371097119217E-052 -2.1651421696982E-053 3.8188978934712E-053
1.0311965965391E-020 -6.750941104308E-021 -3.6311955731699E-020 -5.8715855446085E-020 -1.9831958697282E-020 9.2644540558488E-020 1.1441625027242E-019 9.0737551061507E-020 -1.2253200205241E-019 -5.6732904311239E-019 -2.836057407955E-019 2.118473266338E-019 9.989764975605E-019 1.5863746590009E-018 4.9399200831645E-019 -2.5357273025211E-018 -3.0324604950894E-018 -2.4534859546525E-018 2.7966510014726E-018 1.4074812573337E-017 7.1134781451522E-018 -6.4645187611819E-018 -2.7593879462303E-017 -4.7630015196105E-017 -1.6546061331047E-017 3.6346018139505E-017 6.5378797022926E-017 9.1525660098623E-017 -5.9888185857608E-018 -3.0616742751776E-016 -2.3484945148928E-016 -8.9837372191669E-017 7.4192096841311E-016 1.67178110012E-015 1.0119151781201E-015 -6.1956758395073E-016 -3.5119109075789E-015 -5.6916834627839E-015 -1.938708895488E-015 9.2886348748631E-015 1.1243101561259E-014
2.3740787696313E-044 7.1106468408919E-045 -1.7789701053258E-045 -3.4794583507605E-045 -6.8131218099165E-045 -1.0468844405323E-045 2.6546446380981E-045 1.2455757768835E-045 9.9531398352671E-046 -1.5219099872737E-046 -9.0109890776978E-046 -2.8370588693632E-046 5.6985625369555E-047 1.1555682905552E-046 2.555070071667E-046 4.0859163129489E-047 -9.9980226469461E-047 -4.7371267993548E-047 -3.7932724120959E-047 5.8001090070478E-048 3.3996794053819E-047 1.0714149326853E-047 -2.0982390073123E-048 -4.3373240871464E-048 -9.6857142558552E-048 -1.5451165072758E-048 3.785976417637E-048 1.7961732131408E-048 1.4377972229282E-048 -2.210101924135E-049 -1.2879253191755E-048 -4.0566465418516E-049 7.9775872489213E-050 1.6445610801565E-049 3.6684291356553E-049 6.3711177621818E-050 -1.4809674439559E-049 -1.0990330799805E-049 -7.0494358408281E-050 -2.4060838334867E-050 2.9607729726922E-050
-7.6991330092417E-022 1.2168765900422E-020 2.0065165005149E-020 1.8957838409851E-020 -1.1775625348697E-020 -6.4397880768974E-020 -4.5301345786363E-020 2.3701519130656E-020 1.1706498492765E-019 2.5439368056492E-019 3.2183573421494E-020 -3.9715076825661E-019 -6.8126367356057E-019 -6.9365311435438E-019 3.0486098086424E-019 1.9954335999819E-018 1.5712579132835E-018 -3.0715294125796E-019 -3.1795196731564E-018 -8.0734184305809E-018 -1.4146835657066E-018 1.1964375290877E-017 2.206229000954E-017 2.5467090547049E-017 -3.8493010003324E-018 -5.3275260729421E-017 -5.1161879616432E-017 -1.711931707316E-017 5.9382391557442E-017 2.291885069521E-016 4.760428983156E-017 -2.9655182059473E-016 -6.2580949484467E-016 -9.4329790833687E-016 -1.4182095294729E-016 1.5359723426181E-015 2.6921414055662E-015 2.8548964802217E-015 -9.7663112774073E-016 -7.4873441514754E-015 -6.1407572080594E-015
-3.6466988711427E-045 -9.863452173773E-046 1.9403896154402E-046 3.8137473717311E-046 7.4571010055921E-046 8.296102215839E-047 -2.7676690707111E-046 -1.107866636815E-046 -6.198771177044E-047 1.8369299317472E-047 9.2689922688478E-047 2.6097866542999E-047 -6.6165927526552E-048 -9.4420439312699E-048 -1.8436945294606E-047 -2.1238970407927E-048 6.8876213675206E-048 2.7102612398395E-048 1.5676713498792E-048 -4.2427530596297E-049 -2.2949701795749E-048 -6.4656592776755E-049 1.6265724888135E-049 2.3488910266506E-049 4.566047639283E-049 5.2402579009858E-050 -1.7039347181109E-049 -6.6994061549132E-050 -3.8793117368671E-050 1.0516403230136E-050 5.6801121565946E-050 1.5993361971746E-050 -4.0468275608312E-051 -5.8222448328573E-051 -1.1290760329654E-050 -1.3945222201209E-051 4.361616358472E-051 2.3307905681652E-051 9.9899898333431E-052 5.3316910466552E-052 -7.0732443690478E-052
-1.6652769062527E-022 1.3767905224104E-021 2.5863001520815E-021 3.6690363718315E-021 -5.450568217501E-022 -1.0180833354787E-020 -3.1157790535339E-021 -1.9335870050751E-021 6.290738025984E-021 4.5445249655748E-020 4.1871522628386E-021 -5.567385625362E-020 -1.0807768118358E-019 -1.6567123700977E-019 1.8149157033335E-020 4.0879751473171E-019 2.0294092277955E-019 2.2358698534141E-019 -5.8518861667424E-020 -1.9756699205839E-018 -5.234004017748E-019 1.5916591654678E-018 4.4594467820035E-018 8.1073671608792E-018 3.2737280286425E-018 -1.4465910064376E-017 -6.1798021409875E-018 -1.6269119175657E-017 -1.1923447925088E-017 6.7393323893699E-017 -2.2905821329406E-017 -3.7352562811255E-017 -1.1944595818734E-016 -4.1067766734294E-016 -5.5683936376052E-017 5.294745202588E-016 9.6196139388412E-016 1.274222322253E-015 -3.0585771836921E-016 -3.8950154017218E-015 -1.1056449928969E-015
-1.0347745698791E-047 -3.0832807393604E-048 7.9098374348479E-049 1.4026281156062E-048 2.9699279600301E-048 4.5138307169595E-049 -1.1601436161534E-048 -5.4570218465555E-049 -4.3231208785524E-049 6.6801257902782E-050 3.931235933715E-049 1.2381959065505E-049 -2.4848486894395E-050 -5.3649955243184E-050 -1.1145676559695E-049 -1.7925341980655E-050 4.3521023251122E-050 2.0563869708181E-050 1.6572854745236E-050 -2.5120343489272E-051 -1.4815680038904E-050 -4.667937983832E-051 9.1579521369122E-052 1.8910190159662E-051 4.2223197694097E-051 6.73211003077E-052 -1.6501575411637E-051 -7.8286771982716E-052 -6.2664182920927E-052 9.6361183065073E-053 5.6137329381279E-052 1.7681010154103E-052 -3.4789710433071E-053 -7.671831868606E-053 -1.599978926105E-052 -2.790476424449E-053 6.4434041466777E-053 4.0315305365321E-053 3.0686370672155E-053 1.0391415252275E-053 -1.2993914326385E-053
8.8305552899126E-023 -1.7525741181813E-021 -2.8074407775893E-021 -2.492578620127E-021 1.9472984340628E-021 9.6080229515747E-021 6.2884866535445E-021 -4.7756416135588E-021 -1.8728030635925E-020 -3.7293440626684E-020 -3.46612075887E-021 6.0848772015251E-020 9.9033421672298E-020 9.0833111730337E-020 -6.2037755876251E-020 -3.2590171908304E-019 -2.2873722200395E-019 1.2619397844207E-019 5.9513624762936E-019 1.2734277639791E-018 1.3665529257383E-019 -2.0721022995125E-018 -3.4351564898558E-018 -3.2487103488396E-018 1.7599176565264E-018 1.0851026130241E-017 8.3254016505819E-018 -1.8814408432462E-018 -1.6689452130569E-017 -4.0520188464098E-017 3.8430271315853E-019 7.47730639815E-017 1.3154687202208E-016 1.5556858933932E-016 -8.9738506272843E-018 -2.8616317730689E-016 -3.7374180511521E-016 -1.6197792225565E-016 5.819529727708E-016 1.9144341277349E-015 7.8767544657212E-016
2.9363332205039E-045 9.7198021195083E-046 -1.200375112204E-046 -3.7498141097372E-046 -7.5007312130261E-046 -1.3180785370386E-046 2.9935500648512E-046 1.3782609254844E-046 1.0768273175265E-046 -1.6612986252452E-047 -1.0543472514879E-046 -3.6211904839888E-047 3.3147540808827E-048 1.2976218968134E-047 2.7546936192692E-047 4.9365629062706E-048 -1.0802499066603E-047 -5.0314714976276E-048 -3.9432277059212E-048 6.4026824041295E-049 3.850405656568E-048 1.3192222682258E-048 -1.2188240461831E-049 -4.7451233600605E-049 -1.0049589862278E-048 -1.7970900415619E-049 3.9437675305206E-049 1.8356673259683E-049 1.4381585335807E-049 -2.3310692877739E-050 -1.4048222208192E-049 -4.8134074402337E-050 4.4553223118296E-051 1.7315902726565E-050 3.6662818280845E-050 6.9560200280526E-051 -1.4862785503349E-050 -1.1214410062406E-050 -5.3713595600434E-051 -2.0366165454236E-051 3.182055126494E-051
2.6944523992847E-023 -2.1911439411822E-022 -4.1300380273439E-022 -5.8863616909282E-022 8.3001656213094E-023 1.6227049017301E-021 4.9764466150624E-022 3.248260265199E-022 -9.7835562699875E-022 -7.2526087768925E-021 -6.6650385340451E-022 8.8038478142583E-021 1.7226740421602E-020 2.6702296692144E-020 -2.5773067785149E-021 -6.4816474900404E-020 -3.303708434671E-020 -3.8000325022772E-020 5.6459435544454E-021 3.1520210549626E-019 8.5968890680476E-020 -2.4164752848292E-019 -7.0862019706226E-019 -1.3195248531224E-018 -5.8095836142464E-019 2.2485652449565E-018 1.0101921097889E-018 2.8192283622871E-018 2.2796240203982E-018 -1.0599812286976E-017 3.8254631239752E-018 4.7293426907335E-018 1.8061769233915E-017 6.7467060421984E-017 1.1576419116309E-017 -8.0199683119184E-017 -1.5437775532961E-016 -2.2318740599367E-016 2.2494984417525E-017 6.0520515497314E-016 1.7248839170806E-016
3.0319021208097E-049 8.2045153998521E-050 -1.6689121517507E-050 -3.1978015273638E-050 -6.178387400849E-050 -6.8739727447278E-051 2.2966427411761E-050 9.1717692680004E-051 5.1424437182063E-051 -1.5101168386115E-051 -7.6819260436479E-051 -2.1632809337225E-051 5.4864579816621E-052 8.6953020611176E-052 1.5281865554044E-051 1.7665680796898E-052 -5.7022559430455E-052 -2.2395985623758E-052 -1.3008226176878E-052 3.5070492161794E-053 1.9014335581967E-052 5.3558206031804E-053 -1.3495462492359E-053 -2.1526139892066E-053 -3.7825859637895E-053 -4.3525749260509E-054 1.4103056036123E-053 5.5345688658837E-054 3.2165941610354E-054 -8.6862848567799E-055 -4.7038186037091E-054 -1.3242043436995E-054 3.3563575648652E-055 4.8250536979795E-055 9.3471915339763E-055 1.154063439972E-055 -3.6112978461555E-055 -2.4162123071778E-055 -8.303542561737E-056 -4.4901247485112E-056 5.7955564398128E-056
3.488691183792E-023 -5.7558200625124E-022 -9.4349783617633E-022 -8.8059455644344E-022 5.7402328505349E-022 3.0685971599551E-021 2.1267305861283E-021 -1.2134725002324E-021 -5.6638937458498E-021 -1.2077331098525E-020 -1.4432493139445E-021 1.9032165053553E-020 3.2285704554344E-020 3.2196593611654E-020 -1.5646758510331E-020 -9.6990619266912E-020 -7.4477497059265E-020 2.0089022185247E-020 1.5969673568091E-019 3.8936835821212E-019 6.2377125547046E-020 -5.8946666671079E-019 -1.060938717476E-018 -1.1762722468006E-018 2.6379998364023E-019 2.7347161375494E-018 2.484433517804E-018 5.1491346184455E-019 -3.3601876798008E-018 -1.1349680814082E-017 -1.7672486079858E-018 1.6194350834503E-017 3.2390618045456E-017 4.592180469858E-017 4.6936865696668E-018 -7.7124961399478E-017 -1.2642821246321E-016 -1.1805287772168E-016 7.6296963887024E-017 4.108861045294E-016 2.8490904101485E-016
8.9797082106979E-046 2.6897452784488E-046 -6.737458600762E-047 -1.3158251047793E-046 -2.5757799502785E-046 -3.9592632006697E-047 1.0037324508592E-046 4.7091523034145E-047 3.7631265930633E-047 -5.7512834192264E-048 -3.4069736688861E-047 -1.0727248596344E-047 2.1537166745289E-048 4.3686840411212E-048 9.6608461097426E-048 1.5449310264344E-048 -3.7802632071357E-048 -1.7911463894949E-048 -1.4342757961381E-048 2.1931790625008E-049 1.2854321704719E-048 4.0510408727408E-049 -7.9336614162096E-050 -1.6399673223827E-049 -3.6622142713164E-049 -5.8421263935351E-050 1.4314950235156E-049 6.7914097460433E-050 5.436368242024E-050 -8.356499495849E-051 -4.8697032895625E-050 -1.5338359725721E-050 3.0163707294115E-051 6.6546433406978E-051 1.3880126309692E-050 2.420778666186E-051 -5.5896857364045E-051 -4.158096850936E-051 -2.6689792985631E-051 -9.1029857733923E-052 1.1202631161317E-051
-6.7386155062929E-022 4.428641690245E-022 2.3752628933141E-021 3.8404001458748E-021 1.2961019466159E-021 -6.0468520181892E-021 -7.4742445208309E-021 -5.9396532255821E-021 7.9843771506286E-021 3.705903778545E-020 1.8526937376218E-020 -1.3758290055446E-020 -6.5289817242488E-020 -1.0391110993017E-019 -3.2552940240855E-020 1.6493215949883E-019 1.9804267171477E-019 1.6092268759112E-019 -1.8323266277408E-019 -9.2327159282711E-019 -4.696529497602E-019 4.1162046488791E-019 1.7944437896364E-018 3.1047784879635E-018 1.0866949309748E-018 -2.449123683127E-018 -4.3123722480734E-018 -5.9565085068065E-018 4.5374255994864E-019 1.9983250519872E-017 1.564085064286E-017 5.2658729108003E-018 -4.6521047980581E-017 -1.0513897060085E-016 -6.2334964455948E-017 4.6625597569472E-017 2.3490614954324E-016 3.8336717599783E-016 1.3201866488593E-016 -5.1371096090534E-016 -7.0185568949869E-016
