Test data_DRK/Single Mount case/1Topo.grd
DSAA
325 251
-5100000 1380000
-2500000 2500000
-4.4592909809182E-007 19999.999989679
[rows 126 to 143 of 251, columns 41 to 81 of 325]
-3.4291574994751E-039 -7.9204449067966E-040 7.5556730367861E-040 1.1839980382636E-039 6.2962946093259E-040 1.1962360504025E-040 -1.2410175028396E-040 -2.4777394208377E-040 -1.1036103635556E-040 -3.9656594173228E-041 2.6058432164787E-041 3.2118510453029E-041 1.0962394870353E-041 2.7020115403448E-042 -4.0371990168679E-042 -4.8986243889532E-042 -1.4729570090938E-042 6.4195165264449E-043 1.2112920573298E-042 8.7866127410849E-043 -7.1916636716736E-044 -5.5868078191239E-043 -1.7534419292251E-043 -2.3420242563135E-045 7.6375511075017E-044 1.0044900801801E-043 4.3819027848287E-044 -6.3669851332946E-046 -2.469794953934E-044 -3.0649981748795E-044 -9.2870950172557E-045 4.8218618008779E-045 4.3635761812388E-045 2.6715214616337E-045 -3.2845925621591E-046 -1.210338267512E-045 -9.2949760896607E-046 -1.4599592475889E-046 2.3510552512543E-046 3.6181824972627E-046 1.8201051044764E-046
-5.7133129387521E-028 1.9222868726132E-027 6.436953614803E-027 8.7663027174825E-027 9.4073438312061E-027 -7.7056455112578E-027 -3.3765272576713E-026 -2.540429653312E-026 3.3196196063823E-026 7.5561771568599E-026 1.777196236155E-025 8.875002245169E-026 -1.7915478494026E-025 -3.4873566425795E-025 -3.851616870651E-025 -3.4529126989224E-026 1.0550457292264E-024 5.2325691419021E-025 -1.0145873789092E-024 -2.3998393336562E-024 -4.4855879226415E-024 -3.3692635165973E-025 7.4239774959944E-024 1.1751477317083E-023 1.0169139350985E-023 -8.6948971120411E-024 -4.125759204061E-023 -2.6011171545525E-023 2.3080351393722E-023 8.3305177440641E-023 1.5971333468738E-022 1.3468276425648E-023 -2.6168605218967E-022 -4.2010419500858E-022 -3.7521004884291E-022 2.882951918425E-022 1.4304690902424E-021 9.3673900324341E-022 -7.0931555823616E-022 -2.7927056195888E-021 -5.5755289428325E-021
2.2124547076099E-039 7.2203375809574E-040 -3.6573962787073E-040 -7.0279571594217E-040 -4.2289556057926E-040 -1.119125851251E-040 5.5104033675972E-041 1.3488730187995E-040 6.7633859448825E-041 4.4008172820649E-041 -2.4614407120591E-042 -1.8259541418403E-041 -1.1338275673631E-041 -5.6441799024052E-042 1.1821645856777E-042 3.3784741051613E-042 2.2187062973067E-042 1.0861014694118E-042 -1.8885591495643E-043 -5.4010947533538E-043 -3.0546038541382E-043 -7.9118472255527E-044 1.0910562523939E-045 3.7530386620435E-044 2.5749335121924E-044 2.0707534036193E-044 -1.0472758932439E-045 -1.6700470625466E-044 -2.933654198099E-045 -5.1604713370477E-046 2.1577099041795E-045 3.7936841217871E-045 1.6359518848774E-045 7.5564078869868E-046 -1.3419199917774E-046 -9.1072655797958E-046 -5.791323841835E-046 -5.8165382965439E-047 1.8944927537959E-046 2.2669481519934E-046 7.7721243742925E-047
-1.1209556751244E-026 -3.4610571825842E-027 1.3515874971071E-026 2.4922746230481E-026 2.3563687334114E-026 -1.1721471681891E-026 -9.1202314862071E-026 -6.410037531758E-026 1.7327734200061E-026 2.695337826369E-025 4.4836193550297E-025 4.4269839296732E-025 1.1928998624819E-025 -7.769436632739E-025 -1.6791735975868E-024 -1.0615076221961E-024 2.1315210010799E-024 3.1900827151551E-024 2.4524574734094E-024 -3.0050018242673E-024 -1.454509882866E-023 -7.1885681405199E-024 5.0047385930461E-024 2.5825849779561E-023 4.1668421051001E-023 1.3983545591485E-023 -6.3466123004887E-023 -8.0105264068453E-023 -6.6088694641568E-023 8.1780110725381E-023 3.9678795609692E-022 1.961124423843E-022 -1.3483864654409E-022 -7.0424836255578E-022 -1.1393123999809E-021 -3.8488451229946E-022 1.7261530921938E-021 2.1849979880039E-021 1.801917290952E-021 -2.2608412222195E-021 -1.0900338907864E-020
4.2554402108853E-039 8.8633526838574E-040 -8.417505150737E-040 -1.8204345543759E-039 -1.0016400436071E-039 -2.3033274001772E-040 1.553039001672E-040 3.4475217794715E-040 1.6231814802867E-040 9.3324573198323E-041 -7.6143342089339E-042 -4.3221987100786E-041 -2.5156047571801E-041 -7.0608040576611E-042 5.433491534654E-042 9.3283580489968E-042 4.7675582789841E-042 1.5429202882631E-042 -1.0314805637804E-042 -1.8429817466938E-042 -8.8624219958711E-043 2.3858896106793E-043 2.806313509118E-043 1.3308272944878E-043 -2.2703416823347E-044 -9.4023269622304E-044 -5.3970684482995E-044 -3.3210757576252E-044 1.6517870125358E-044 3.0594573501584E-044 1.6439847866244E-044 8.793657438996E-045 -1.6264569418799E-045 -2.5835270681323E-045 -9.0711246501077E-046 -7.2234158483799E-046 -2.6383326126767E-046 3.5821322833542E-046 3.5765125854834E-046 2.9688634998605E-046 -1.2770584509543E-047
2.1303660400412E-026 6.577654473179E-027 -2.5686963208144E-026 -4.7365824962165E-026 -4.4783034923907E-026 2.2276126781418E-026 1.7332887301753E-025 1.218222663787E-025 -3.2930882725319E-026 -5.1224624295577E-025 -8.5210921458231E-025 -8.4133102188828E-025 -2.2667628266207E-025 1.4766022853571E-024 3.191253822483E-024 2.0173712801278E-024 -4.0509185516799E-024 -6.0628451787383E-024 -4.66049975286E-024 5.7101693655968E-024 2.7640865492108E-023 1.3660103027857E-023 -9.513858352608E-024 -4.9084424353983E-023 -7.9197371864804E-023 -2.6579066395715E-023 1.2057035330208E-022 1.5222038375173E-022 1.2563468742952E-022 -1.5535962028582E-022 -7.5408121742574E-022 -3.727291668345E-022 2.5580023709606E-022 1.3382121951183E-021 2.1654937221267E-021 7.3218671068369E-022 -3.2803994635522E-021 -4.1534282522344E-021 -3.4247323458978E-021 4.3027414067863E-021 2.0730886193701E-020
4.7550605422661E-038 -1.5978875439889E-038 -1.3550331535765E-038 -1.7913554651131E-038 -2.2231959982755E-039 6.7154533906219E-039 2.8767118082466E-039 1.8442568553539E-039 -1.1711752652613E-039 -3.0404116133768E-039 -1.3680338117054E-039 6.1363793342392E-040 5.0093094792714E-040 6.6874930835695E-040 1.4457510445818E-040 -2.6785653842729E-040 -1.5245068158594E-040 -1.318760367076E-040 -5.2198251843711E-041 3.6069869349435E-041 2.1164777459186E-041 1.9703394584418E-041 6.9069231263785E-042 -9.824541134407E-042 -5.2446752402107E-042 -4.1924165633893E-042 -2.2851131483627E-042 1.6847846369289E-042 5.471511683406E-043 6.4006020745431E-043 2.4763560861495E-043 -4.1680779128449E-043 -2.0633349082184E-043 -1.0287484348214E-043 -7.7199440173414E-045 1.8470595033628E-043 3.0642394728224E-044 -6.555816276716E-044 -3.6294609099094E-044 -2.9812388031938E-044 6.3285306444444E-045
-7.8620876393412E-028 2.6148556322029E-027 8.7825041979152E-027 1.1979978619718E-026 1.2898791422419E-026 -1.0497579273936E-026 -4.6149727589058E-026 -3.4768042479408E-026 4.5253987637452E-026 1.0332877068777E-025 2.4316427365288E-025 1.2179233766571E-025 -2.4417477388746E-025 -4.7687445061771E-025 -5.2834545666529E-025 -4.9753485959452E-026 1.441137205444E-024 7.1810110375934E-025 -1.3786002888432E-024 -3.2707287256508E-024 -6.1339422744159E-024 -4.6837012043406E-025 1.0138211696303E-023 1.6078342833016E-023 1.3974001138913E-023 -1.1780007882598E-023 -5.621875171001E-023 -3.5621296833129E-023 3.0985100548254E-023 1.1302684410314E-022 2.1782975300195E-022 1.8784391920869E-023 -3.5614078635643E-022 -5.7341639826308E-022 -5.1543378085763E-022 3.8723519380854E-022 1.9400633997508E-021 1.280213799451E-021 -9.3644420766562E-022 -3.7609633230527E-021 -7.5733589281067E-021
-2.0482103395206E-038 4.9285170064911E-039 5.7384014815224E-039 6.4228044111293E-039 6.2311337221438E-040 -2.5761202548874E-039 -1.0364631814097E-039 -5.3907495339742E-040 4.7396856954923E-040 1.185930952146E-039 6.7264544730421E-040 -1.7228971799169E-040 -1.4763099620827E-040 -2.0886496950896E-040 -4.9940967923696E-041 8.4278385364032E-041 5.0459413853358E-041 4.2753855255028E-041 1.3590897918827E-041 -1.4202932675937E-041 -6.2300102407918E-042 -6.5779339018597E-042 -1.3509468775861E-042 3.0035819402166E-042 1.314455278324E-042 7.0945329124848E-043 5.0435046426197E-043 -4.4620349646104E-043 -1.1397037275345E-043 -1.2943790809747E-043 -1.0030071503116E-043 6.743448244059E-044 3.7296195709077E-044 3.3345695316383E-044 1.1511919599809E-044 -3.1449802521E-044 -5.4050692003246E-045 7.6271541988215E-045 4.8120914458314E-045 2.581028630662E-045 -1.6775638245584E-045
-3.1071811956112E-029 1.008415289902E-028 1.4018315191073E-028 1.7745102229877E-028 3.852878296295E-028 -6.093804432021E-028 -2.0081105329129E-027 -2.5988375187179E-027 4.2475022858833E-029 3.4986411625475E-027 1.5539948390329E-026 3.3743071416411E-027 -1.3303981564817E-026 -3.1569976697616E-026 -6.2270591805967E-026 -5.406243889187E-026 1.2598179798558E-025 3.0357819732324E-026 3.0644967149524E-026 -1.0743295670977E-025 -6.0529221544658E-025 -7.6288879161512E-026 8.0082898230772E-025 1.4428164733029E-024 1.9451171704513E-024 -4.7754354037375E-025 -5.79267042607E-024 -1.7687996857976E-024 -5.1863787378922E-025 4.5014976213684E-024 2.5701688922989E-023 3.0777142027404E-024 -3.3929785990566E-023 -6.1289615470399E-023 -8.3726040752571E-023 1.9847226194929E-023 2.4451899498731E-022 7.9400989028366E-023 3.3062538940019E-023 -1.7712839477597E-022 -1.0996054295024E-021
-1.7144520927301E-041 6.0523411298299E-042 5.0309648048163E-042 6.346974991488E-042 7.5474042423354E-043 -2.4254504369841E-042 -1.0518968852848E-042 -6.8265222697038E-043 4.1735724003682E-043 1.1079427481979E-042 6.7171022576256E-043 -2.3459102785936E-043 -1.9392180959253E-043 -2.6054954957969E-043 -6.7513214176235E-044 9.2185207811767E-044 5.9742636096269E-044 5.8482286272673E-044 2.1239951156257E-044 -1.7187717541533E-044 -1.0748133059335E-044 -9.1074272009147E-045 -2.8679913803704E-045 4.4462677426851E-045 3.2626718196167E-045 1.8220498923453E-045 1.0462024331101E-045 -7.3202108258621E-046 -2.2434972073054E-046 -2.8154897948604E-046 -1.2104361258605E-046 1.7521971638971E-046 9.0307748350141E-047 4.933046537107E-047 -5.1001717087061E-048 -8.101490923236E-047 -1.3636140326975E-047 2.8323290661716E-047 1.5753635585016E-047 1.3182507383837E-047 -2.8049272359263E-048
1.0211153415798E-028 -3.6523337281275E-028 -1.2041844186449E-027 -1.6261601604657E-027 -1.714587705087E-027 1.4528662745638E-027 6.2590091822436E-027 4.6764062701975E-027 -6.2375851652531E-027 -1.3969408184497E-026 -3.2757892988621E-026 -1.6101801218312E-026 3.3701842158638E-026 6.4481131163162E-026 7.0032555841599E-026 4.5759901843592E-027 -1.9619861413113E-025 -9.4911254243779E-026 1.9385905639655E-025 4.5150155677E-025 8.2925717409937E-025 5.6848508349978E-026 -1.38239776251E-024 -2.1664827419104E-024 -1.83156001175E-024 1.6859034302159E-024 7.7699900108739E-024 4.7719583291911E-024 -4.6779957585113E-024 -1.6035907600867E-023 -2.9935982077592E-023 -2.2283031339494E-024 4.9597021643052E-023 7.8425928845884E-023 6.7695416490956E-023 -5.8289767811318E-023 -2.7590964058756E-022 -1.7371950593647E-022 1.5503316090585E-022 5.5764038859594E-022 1.0671698971728E-021
6.8090047252502E-039 -2.2516753065846E-039 -1.9682165459085E-039 -2.2277290790599E-039 -2.03871187994E-040 9.4876588628582E-040 4.1987607002581E-040 2.6622787750221E-040 -1.5759246891614E-040 -4.4977773102388E-040 -2.158103614244E-040 8.8831901707003E-041 7.4615121991445E-041 8.6490789412288E-041 1.733905704044E-041 -4.0766401327471E-041 -2.2389201723613E-041 -1.4459902464929E-041 -5.1833914005645E-042 7.8657314490165E-042 3.3034179148511E-042 1.9047588919319E-042 6.9943776539735E-043 -1.2981629423438E-042 -8.5476954343354E-043 -4.3606091889247E-043 -2.8048031657593E-043 2.2437415553102E-043 7.7056777687994E-044 1.0593914758538E-043 3.8233647054353E-044 -5.3382850744817E-044 -2.6647577169965E-044 -1.5310363935924E-044 2.5308866701702E-045 2.2983303832394E-044 4.5154239292634E-045 -6.9429308295213E-045 -3.932634983979E-045 -2.923373919045E-045 9.3250704555462E-046
4.971307401857E-030 -1.6118168845027E-029 -2.2403454414994E-029 -2.8365844967685E-029 -6.1622630432986E-029 9.7423720917129E-029 3.2103931826194E-028 4.1551730995072E-028 -6.6943853181743E-030 -5.5944144324413E-028 -2.4846427275123E-027 -5.4011195857079E-028 2.1260871875686E-027 5.0474645980338E-027 9.9572816907823E-027 8.6466772459698E-027 -2.0138534135203E-026 -4.8518732082067E-027 -4.9113456722782E-027 1.7165923707041E-026 9.6780181517928E-026 1.2225474442511E-026 -1.2798242205764E-025 -2.3065051345954E-025 -3.1113513669862E-025 7.6105608182339E-026 9.2584792288184E-025 2.8261058714644E-025 8.3816203149407E-026 -7.1822733324097E-025 -4.1086335710202E-024 -4.9249218324618E-025 5.4188743937484E-024 9.795063632177E-024 1.3403279290909E-023 -3.1513814215074E-024 -3.9052377308433E-023 -1.2717784811681E-023 -5.4441541837373E-024 2.8084385187617E-023 1.7579387557181E-022
2.1661750048733E-042 -6.4979043019842E-043 -6.6184454674785E-043 -6.4547264031784E-043 -5.4462930849907E-044 2.8060528669021E-043 1.1708844754173E-043 6.3090163316657E-044 -4.9224944599244E-044 -1.3278065760491E-043 -5.7337542256972E-044 1.9986671298102E-044 1.6211237620383E-044 2.1021168930096E-044 3.7959255460055E-045 -1.0108300832144E-044 -5.1901969475184E-045 -3.4254391484331E-045 -1.1725565419682E-045 1.3778191898042E-045 4.6410300061581E-046 5.1342448241187E-046 1.2808666156466E-046 -2.4076601971768E-046 -1.0389701759508E-046 -6.1543913408941E-047 -4.2465179475184E-047 3.5727756819809E-047 9.4329002654361E-048 1.1128320151991E-047 7.7458388733769E-048 -5.891662110328E-048 -3.0916899701779E-048 -2.6466514833853E-048 -8.6375928579458E-049 2.6100542596926E-048 4.3713479115135E-049 -6.460674421661E-049 -3.9788748616478E-049 -2.1334751802557E-049 1.3628500987916E-049
3.6433823569171E-029 -1.2291266953636E-028 -4.1129899114965E-028 -5.5992747082819E-028 -6.0041061071507E-028 4.9253585945202E-028 2.1566112817208E-027 1.6220938676856E-027 -2.1215376353179E-027 -4.8256167370925E-027 -1.1348261895696E-026 -5.663227957137E-027 1.14501973736E-026 2.2271512344845E-026 2.4579876651963E-026 2.1777598541139E-027 -6.7395986151321E-026 -3.3389200625851E-026 6.4890080244367E-026 1.5338012343392E-025 2.8646384918002E-025 2.1434805615305E-026 -4.7426873395315E-025 -7.5039504080227E-025 -6.4869996254679E-025 5.5647219644164E-025 2.6370006320414E-024 1.6605973972556E-024 -1.4802125928109E-024 -5.329753837816E-024 -1.0205998905228E-023 -8.5616428165684E-025 1.6730558405577E-023 2.684070152671E-023 2.3936817984992E-023 -1.8487067400584E-023 -9.1527690622021E-023 -5.983129046233E-023 4.566140946689E-023 1.7897777281032E-022 3.5662343408822E-022
1.8114845217958E-039 -5.9906946273278E-040 -6.1872443301965E-040 -7.0615381506645E-040 -8.9934305750568E-041 2.5311578511812E-040 1.0681141893758E-040 7.039778583481E-041 -4.506264866759E-041 -1.1511342369449E-040 -5.1519968864372E-041 2.2963392614377E-041 1.8820201067169E-041 2.5285549976013E-041 5.4565208322768E-042 -1.0117345168653E-041 -5.7553698642036E-042 -4.9764131155835E-042 -1.9769841855865E-042 1.3447102041604E-042 7.920519876052E-043 7.4728014048906E-043 2.614571269921E-043 -3.7187795570183E-043 -2.7598374909167E-043 -1.6022883726385E-043 -8.7260385769997E-044 6.3155219064742E-044 1.9779673101602E-044 2.4631571634503E-044 9.4658550491251E-045 -1.5805059140785E-044 -7.7825267068224E-045 -3.8341652483377E-045 -2.5942341231312E-046 6.9904922251853E-045 1.1557901282493E-045 -2.4803442907127E-045 -1.3713833854498E-045 -1.1260513900085E-045 2.3897333185887E-046
-1.3929834461556E-027 -4.3010147597449E-028 1.67957514704E-027 3.0970802655405E-027 2.9282103884331E-027 -1.4565982213231E-027 -1.1333489557951E-026 -7.9656392764018E-027 2.1531173976726E-027 3.3494115497704E-026 5.5716235243884E-026 5.501285915105E-026 1.4824333565385E-026 -9.6548140534096E-026 -2.0866737656058E-025 -1.3191722141702E-025 2.6486376885724E-025 3.964220220645E-025 3.0475704306924E-025 -3.7337641092577E-025 -1.8074115675518E-024 -8.9324840161167E-025 6.2187229786658E-025 3.2093653563236E-024 5.1784182067866E-024 1.7380765053662E-024 -7.8849008585519E-024 -9.9539659466212E-024 -8.2139421461542E-024 1.0162418766108E-023 4.9312776331271E-023 2.4375788580061E-023 -1.6733717703679E-023 -8.750182613946E-023 -1.4157243349366E-022 -4.784656291795E-023 2.1461557089146E-022 2.7160379519908E-022 2.2385178084265E-022 -2.8130010716609E-022 -1.355087887448E-021
