Test data_DRK/Single Mount case/1Topo.grd
DSAA
325 251
-5100000 1380000
-2500000 2500000
-4.4592909809182E-007 19999.999989679
[rows 108 to 125 of 251, columns 82 to 122 of 325]
1.3696997581934E-050 3.7039654126413E-051 -7.6010478911721E-052 -1.4478415049008E-051 -2.7882275674968E-051 -3.0989589403741E-052 1.0370592628805E-051 4.1385054884779E-052 2.320830457802E-052 -6.7998617747049E-053 -3.4671031788779E-052 -9.7640358373356E-053 2.4776797366138E-053 3.533652576181E-053 6.8952691805599E-053 7.9426158175022E-054 -2.5759010691479E-053 -1.0134452882862E-053 -5.8633828880728E-054 1.5861143338209E-054 8.5827947377663E-054 2.4179772201915E-054 -6.0848194319288E-055 -8.785450520182E-055 -1.7075318079E-054 -1.959516474759E-055 6.372240144187E-055 2.505282481903E-055 1.4507159854421E-055 -3.9322719396721E-056 -2.1241539533333E-055 -5.9809251499587E-056 1.5134582270696E-056 2.4075596324376E-056 4.2230652396616E-056 5.2304701180795E-057 -1.6297216761912E-056 -8.7028800336169E-057 -3.7401566210541E-057 -1.9945801580665E-057 2.6457818036497E-057
3.4135534579912E-023 -5.7759411152451E-022 -9.4361027174282E-022 -8.7447899633289E-022 5.8575524755521E-022 3.0922062474948E-021 2.125052994931E-021 -1.2703945907066E-021 -5.7559534127687E-021 -1.2144969950965E-020 -1.403270851798E-021 1.9239842924814E-020 3.2434177887911E-020 3.1959776921167E-020 -1.6399752572345E-020 -9.881664697298E-020 -7.482499916944E-020 2.3332936650729E-020 1.6556662200083E-019 3.9500683336794E-019 5.9992837842587E-020 -6.0490665467941E-019 -1.0745157186843E-018 -1.1640846987164E-018 3.1166451217825E-019 2.8671489274707E-018 2.5305681152179E-018 3.4949101811546E-019 -3.6846407583445E-018 -1.1676975249797E-017 -1.4967111958486E-018 1.7504564470632E-017 3.4104463055169E-017 4.6807734255548E-017 3.548723116153E-018 -7.9897859035117E-017 -1.2627330621254E-016 -1.0868972057648E-016 9.3998605457829E-017 4.4449916432533E-016 2.8266741438386E-016
1.0916557638216E-045 3.2620256625508E-046 -8.2446028794056E-047 -1.6048421553054E-046 -3.1337834331981E-046 -4.8059789409364E-047 1.2209914702432E-046 5.7268616860387E-047 4.5745132173877E-047 -6.9957726029905E-048 -4.1439396458512E-047 -1.3046914256624E-047 2.622780476396E-048 5.315057791464E-048 1.1747667215063E-047 1.8788888003669E-048 -4.5971133429242E-048 -2.1780339702783E-048 -1.7441054523453E-048 2.6661949612717E-049 1.5631530997826E-048 4.9264282370144E-049 -9.645852537321E-050 -2.1344610980773E-049 -4.4565995786248E-049 -7.1446373427011E-050 1.7376250543839E-049 8.220849827966E-050 6.6240924495005E-050 -1.0100393318121E-050 -5.9186114963441E-050 -1.863484248173E-050 3.6755992688863E-051 7.562731557208E-051 1.6861618429836E-050 2.9270768804853E-051 -6.8061874823633E-051 -5.0507951613825E-051 -3.2394093979764E-051 -1.1057843688801E-051 1.3606832503333E-051
-2.6124725378279E-021 1.7164057305893E-021 9.2060680161327E-021 1.4882882283157E-020 5.0218835584402E-021 -2.3453556526329E-020 -2.8977683446488E-020 -2.3015980107495E-020 3.0952181208228E-020 1.4361839181225E-019 7.1782860540961E-020 -5.3514377455198E-020 -2.5316420980748E-019 -4.0273015688569E-019 -1.2597826258234E-019 6.3885713417572E-019 7.6731556293199E-019 6.2442990918868E-019 -7.0690646440244E-019 -3.5730032698172E-018 -1.8154519472368E-018 1.5958934513922E-018 6.9597733588038E-018 1.2052914838585E-017 4.2299826789695E-018 -9.3765614740897E-018 -1.6690298100388E-017 -2.3184237912005E-017 1.7001000870956E-018 7.7699917252958E-017 6.0682221264079E-017 2.1455311123866E-017 -1.8181136448252E-016 -4.1083513498285E-016 -2.4597410931343E-016 1.7796468737879E-016 9.0462324917689E-016 1.4680907744214E-015 5.012422280634E-016 -2.091400099772E-015 -2.7621955925776E-015
-6.2909947698814E-045 -2.0857109823604E-045 2.5329638993052E-046 8.0121132500098E-046 1.60997948686E-045 2.8342815142622E-046 -6.4209024036938E-046 -2.9591612931992E-046 -2.3111839978611E-046 3.578668094691E-047 2.2628578217222E-046 7.7717964972356E-047 -7.1003499028054E-048 -2.9244770523942E-047 -5.9169322723886E-047 -1.065287816333E-047 2.3142687813334E-047 1.0749799744078E-047 8.4789315026794E-048 -1.3673985486315E-048 -8.2626957645506E-048 -2.8301380392012E-048 2.6209297282141E-049 1.0711166988526E-048 2.1574018929964E-048 3.8743739335067E-049 -8.4448400177248E-049 -3.9189767232388E-049 -3.0906910503807E-049 4.9715240391842E-050 3.0129082916731E-049 1.0320084376543E-049 -9.5821272724618E-051 -3.7155623349132E-050 -7.8602238858871E-050 -1.490773131083E-050 3.186728168289E-050 1.9939793057356E-050 1.1472263394884E-050 4.3079280995058E-051 -6.8679029556878E-051
-1.3850855028424E-022 2.4425791095597E-021 3.9690967297331E-021 3.6365054356406E-021 -2.5421080446948E-021 -1.316282006115E-020 -8.9260311621479E-021 5.7237957521443E-021 2.4823162489904E-020 5.1528234174534E-020 5.6307075983125E-021 -8.2311862247402E-020 -1.3739959583919E-019 -1.327987737798E-019 7.404766040027E-020 4.2787786202753E-019 3.1711047168433E-019 -1.1981758804684E-019 -7.3559722851664E-019 -1.6990552616171E-018 -2.361091611779E-019 2.6489080533302E-018 4.6109097955599E-018 4.8123362400182E-018 -1.6325234237022E-018 -1.2954500693326E-017 -1.0959077775862E-017 -3.6220499045535E-019 1.7675885755549E-017 5.1313347809857E-017 4.4124709816021E-018 -8.249422158415E-017 -1.5512758130574E-016 -2.0308598881865E-016 -7.4608560204835E-018 3.5413629522815E-016 5.2968856070352E-016 3.9531741284212E-016 -5.1176834373711E-016 -2.0936222179863E-015 -1.1604957713675E-015
-4.8691241910975E-046 -1.3269016654363E-046 2.8782539477618E-047 5.2368380706849E-047 9.8520860785779E-047 1.0997469550886E-047 -3.668114711913E-047 -1.4571422704249E-047 -8.2342872502449E-048 2.3679086300404E-048 1.2250492944009E-047 3.4493424026858E-048 -8.7727633113604E-049 -1.3884787000689E-048 -2.4354917872789E-048 -2.811705391066E-049 9.0891424212432E-049 3.56760538385E-049 2.0729478034509E-049 -5.5816606895126E-050 -3.0301489515727E-049 -8.534318361302E-050 2.1536707250043E-050 3.1049674630426E-050 6.0254792900287E-050 6.9098087496221E-051 -2.2491249197321E-050 -8.8390469850231E-051 -5.119122596224E-051 1.3860955053001E-051 7.4957436782565E-051 2.1105328648932E-051 -5.3438173094849E-052 -8.4974373539213E-052 -1.4901069400264E-051 -1.8455320929265E-052 5.7506968916716E-052 3.8521341304889E-052 1.3252510694204E-052 7.1584654653813E-053 -9.2389733567568E-053
5.2354106975583E-021 -3.434743563115E-021 -1.8442833194439E-020 -2.9816489255898E-020 -1.0064741827938E-020 4.702138059158E-020 5.8084130799099E-020 4.6105188984631E-020 -6.208921962524E-020 -2.8787174095934E-019 -1.4387033525043E-019 1.0749754560005E-019 5.0734343739495E-019 8.062950814881E-019 2.5165541128744E-019 -1.2830424150064E-018 -1.5387158184879E-018 -1.249956276668E-018 1.4158139731431E-018 7.1519275223737E-018 3.6219073455335E-018 -3.2366767586996E-018 -1.3980876031423E-017 -2.4168461073169E-017 -8.4489418585657E-018 1.8630922397312E-017 3.3385732611019E-017 4.6513708159218E-017 -3.3903463549848E-018 -1.5612792626672E-016 -1.2021584863284E-016 -4.4013275134896E-017 3.7357956167964E-016 8.393857523949E-016 5.0668030612592E-016 -3.342701603531E-016 -1.7886813867066E-015 -2.8889678402231E-015 -9.700390561397E-016 4.5649935441852E-015 5.6151512872011E-015
1.4346256920253E-044 4.2862311026015E-045 -1.0823152263285E-045 -2.109621242256E-045 -4.1203410100893E-045 -6.3163600390445E-046 1.6051912291733E-045 7.529496298602E-046 6.0141342403049E-046 -9.2019869308783E-047 -5.4480510580872E-046 -1.7151870998173E-046 3.449649176458E-047 6.9884296977348E-047 1.5444025978096E-046 2.4700421267785E-047 -6.0436487814768E-047 -2.8633193375761E-047 -2.2928494086709E-047 3.5048723767615E-048 2.0550007564457E-047 6.4765726480785E-048 -1.2680642936832E-048 -2.6216510134097E-048 -5.8547925491306E-048 -9.3400130147669E-049 2.2885267124085E-048 1.0857507781696E-048 8.691232953112E-049 -1.3359903112698E-049 -7.7852108361218E-049 -2.4521439187092E-049 4.8222843364747E-050 9.9410045515208E-050 2.2174843897905E-049 3.8511909687994E-050 -8.9521179187805E-050 -6.6434090917193E-050 -4.2612250772711E-050 -1.4544235359074E-050 1.7897209848792E-050
3.9681470089693E-022 -6.7653675693994E-021 -1.1041615406738E-020 -1.0210936591409E-020 6.8933290172771E-021 3.626289346143E-020 2.4865602720591E-020 -1.5044996763289E-020 -6.7643846330157E-020 -1.4232339780797E-019 -1.6259812814521E-020 2.2589009326435E-019 3.8003868322281E-019 3.729654852427E-019 -1.9465678066389E-019 -1.1630053238174E-018 -8.7780622245764E-019 2.8296251972566E-019 1.9559658618363E-018 4.6407983153304E-018 6.9076538103064E-019 -7.1445802306184E-018 -1.2627577620278E-017 -1.3555561997186E-017 3.8322415077886E-018 3.410195277161E-017 2.9892331302662E-017 3.6032664088939E-018 -4.4173185007935E-017 -1.3779575172058E-016 -1.5891117348089E-017 2.1098502979232E-016 4.0740992814476E-016 5.5265324018691E-016 3.9487259914713E-017 -9.3945113275446E-016 -1.4714747644982E-015 -1.2489281469098E-015 1.1417672993195E-015 5.2879922831571E-015 3.1358624481308E-015
1.4350870880048E-045 3.9078419803579E-046 -8.433714936517E-047 -1.4322958688969E-046 -2.9052441431085E-046 -3.2385192758442E-047 1.0819038822818E-046 4.3016656427219E-047 2.4265285345202E-047 -6.996869190341E-048 -3.6128948553236E-047 -1.0173430307365E-047 2.5859300506422E-048 4.0938851768827E-048 7.1836028196471E-048 8.2954957772399E-049 -2.6807724717941E-048 -1.0523605338886E-048 -6.1144204120073E-049 1.6467742999511E-049 8.9376380359159E-049 2.5172914708582E-049 -6.3508048805866E-050 -1.0122186525989E-049 -1.7776524859618E-049 -2.0451914335474E-050 6.6284696716729E-050 2.6008887727377E-050 1.5116922180028E-050 -4.0803571254856E-051 -2.2106225248089E-050 -6.2233019517051E-051 1.5775663664256E-051 2.5071353064826E-051 4.3935589590695E-051 5.4396996917925E-052 -1.6957495310129E-051 -9.0535436428433E-052 -3.8905006030492E-052 -2.0759058225175E-052 2.7526475669725E-052
2.7282936492607E-022 -2.2439931803681E-021 -4.2171147889756E-021 -5.9870635724815E-021 8.8176188328474E-022 1.6596427915788E-020 5.0657616028819E-021 3.1646553053617E-021 -1.023987928591E-020 -7.4091918178271E-020 -6.8127316879327E-021 9.0691015977551E-020 1.7613044549915E-019 2.7059539004585E-019 -2.9433364869562E-020 -6.6577132095796E-019 -3.3189198505515E-019 -3.685925887702E-019 8.9717176371335E-020 3.2232259449566E-018 8.6676716950459E-019 -2.571692688048E-018 -7.2607414089509E-018 -1.3284854538999E-017 -5.4903045662814E-018 2.3402007131674E-017 9.9152970090982E-018 2.6974722904279E-017 2.0010648129216E-017 -1.0963343852009E-016 3.7060057237134E-017 5.7580474179708E-017 1.9097928193445E-016 6.7933089721004E-016 9.6600697678277E-017 -8.5331556797718E-016 -1.5890334701791E-015 -2.1252376238295E-015 4.1358294179553E-016 6.3951631536004E-015 1.87673021971E-015
-4.6331001404081E-051 -2.1897310380479E-050 -1.6578221543587E-050 -9.1695524809805E-052 2.9198711931214E-051 3.7613623015126E-051 1.4272154269552E-051 -3.760439773798E-052 -9.4149204087201E-052 -7.6281647161118E-052 -5.9395573652583E-052 1.247916289446E-052 2.3412342492591E-052 1.0897929496746E-052 7.0583026386644E-053 -2.1485434311951E-053 -3.1061223827478E-053 -1.5452549727824E-053 -9.9696521519762E-054 6.4916187280115E-054 1.6028274708783E-053 1.937489824907E-054 -1.8259651885094E-054 -2.3893424527177E-054 -2.418629075117E-054 -3.9221511107711E-055 4.2534959889635E-055 4.8183201041081E-055 4.7708968724817E-055 2.0457362575382E-056 -2.614190570032E-055 -7.6544134466071E-056 -1.0636858308747E-056 3.5378763373016E-056 4.3161707320323E-056 1.393593251831E-056 -3.5270659610945E-057 -8.7570430604888E-057 -1.0359940773304E-056 -2.4666000020442E-057 2.3407875409794E-057
4.8781053279021E-022 -4.017027562982E-021 -7.5539792531937E-021 -1.0732048536544E-020 1.5697353489395E-021 2.9717300156298E-020 9.1115320581695E-021 5.7506857639152E-021 -1.8207922688405E-020 -1.3271707896956E-019 -1.2251607944302E-020 1.6205917369181E-019 3.1550108820381E-019 4.8527508418825E-019 -5.0881364719514E-020 -1.1913904049819E-018 -5.9604072815824E-019 -6.6569371998899E-019 1.496513287772E-019 5.7666209694734E-018 1.5338523735669E-018 -4.5817232458934E-018 -1.3008280431866E-017 -2.3810198140305E-017 -9.8572826916405E-018 4.1932694181834E-017 1.8329004979262E-017 4.8807619674247E-017 3.7032698460009E-017 -1.9603549163628E-016 6.7755054237171E-017 1.023448207876E-016 3.4440333675224E-016 1.2094789103304E-015 1.8131684943598E-016 -1.5241089813738E-015 -2.8076922967469E-015 -3.8285082234741E-015 7.4636839677125E-016 1.1249083974413E-014 3.0857796444671E-015
6.6535663725263E-049 -1.0115575102054E-049 -2.3011985371154E-049 -1.1657842828098E-049 -7.9941239267195E-050 -2.0259377304469E-051 3.4749918525654E-050 2.6018059954512E-050 1.9787744260073E-050 -3.553948705093E-051 -1.6228084954623E-050 -4.3742224656488E-051 3.2367004914607E-052 2.2542954710585E-051 4.0427907119246E-051 1.8568843309048E-051 -3.7431969930542E-052 -9.5485873413015E-052 -1.1474313945189E-051 -3.3361560308449E-052 1.4243371427936E-052 1.7417119790069E-052 1.1296013264592E-052 -2.2205068017706E-053 -7.9058831685903E-053 -5.638693920971E-053 -7.0930208987976E-054 1.573844722825E-053 2.4770417884128E-053 1.2030309286035E-053 4.082147743606E-054 -2.8952317750691E-054 -3.5751231577245E-054 -1.1633173258193E-054 2.7840124474944E-055 6.5318086670265E-055 4.1120715871801E-055 -5.6840586282722E-057 -1.415596411361E-055 -1.2139806807555E-055 -1.0442908207696E-055
-8.9288768882918E-022 1.3785249525434E-020 2.2806076586568E-020 2.1694193592806E-020 -1.310989790146E-020 -7.2647009253021E-020 -5.1532641231562E-020 2.560852630896E-020 1.3091390712731E-019 2.8759452963022E-019 3.7539635615447E-020 -4.4653827839986E-019 -7.7091314374056E-019 -7.9418132774191E-019 3.286729944151E-019 2.225020774796E-018 1.7772861236233E-018 -2.7332921702472E-019 -3.4767012769992E-018 -9.0445054600047E-018 -1.6651659048722E-018 1.3228776362691E-017 2.4753693624924E-017 2.9243260327283E-017 -3.249163801453E-018 -5.7398546736896E-017 -5.703586031547E-017 -2.3340028377702E-017 5.9847235336477E-017 2.5277111168979E-016 6.0898557068227E-017 -3.0586878867179E-016 -6.6987071298537E-016 -1.0493943042071E-015 -1.8665502945176E-016 1.6841499218457E-015 3.0656797733894E-015 3.4584155159118E-015 -7.0941289805454E-016 -7.7266811636585E-015 -7.1120102222302E-015
-3.5592108142102E-047 -4.2876343186026E-047 -3.6420680399728E-047 -4.6048098307216E-048 1.126583562332E-047 1.2901512544978E-047 3.1178120961088E-048 -2.5667620086961E-048 -4.0319760714925E-048 -2.2801157986561E-048 -7.9196520788756E-049 4.789527342535E-049 7.6559170102094E-049 2.9166256470652E-049 6.7914253629613E-050 -1.2096232386785E-049 -9.6178308781998E-050 -2.3208910011154E-050 -5.7670549136806E-051 2.2629153252686E-050 3.5425500655859E-050 5.6697562553832E-051 -5.7505742673322E-051 -5.4833794383628E-051 -6.4917672244145E-051 -1.7858968046027E-051 1.3489625127253E-051 1.6018698041312E-051 1.7379690688689E-051 3.0645322677009E-052 -6.0909098045243E-052 -3.4881956923562E-052 -1.5170700627799E-052 5.7838522830454E-053 1.4619928252089E-052 8.6724424309178E-053 2.6277931739173E-054 -2.6378341664603E-053 -4.4880326571002E-053 -1.8040719415738E-053 3.9959424464864E-054
3.9944110017473E-022 -6.9671786900241E-021 -1.1337300056614E-020 -1.0418703594611E-020 7.2028049865812E-021 3.7481030531271E-020 2.5504900415026E-020 -1.6066880887417E-020 -7.0449765494063E-020 -1.4685697741991E-019 -1.6293946429016E-020 2.3406888908551E-019 3.9173836400789E-019 3.8059980290828E-019 -2.0763650106582E-019 -1.2129078545365E-018 -9.0372212183006E-019 3.2624531753494E-019 2.0720818861344E-018 4.8250141404954E-018 6.8687824270265E-019 -7.484072322795E-018 -1.309937093426E-017 -1.3810861006255E-017 4.4247675254692E-018 3.6316903036205E-017 3.1057618332663E-017 1.8671433600228E-018 -4.8834262732898E-017 -1.4487828281304E-016 -1.4187820218308E-017 2.289677975442E-016 4.3393850001813E-016 5.7444520608721E-016 2.6169311825777E-017 -9.9900109882077E-016 -1.5141691631572E-015 -1.1717459584245E-015 1.3835747030168E-015 5.813751321639E-015 3.3692699229053E-015
