Test data_DRK/Single Mount case/Moho_calc.grd
DSAA
325 251
-5100000 1380000
-2500000 2500000
-81047.46997793 -30000.00999864
[rows 200 to 219 of 251, columns 230 to 275 of 325]
-30000.10002045 -30000.099999516 -30000.099992297 -30000.099989763 -30000.10001782 -30000.10003997 -30000.100000274 -30000.100001917 -30000.100001465 -30000.09999668 -30000.09997373 -30000.099966185 -30000.100018389 -30000.100007306 -30000.099999907 -30000.099987556 -30000.10004668 -30000.100002866 -30000.100026041 -30000.100012498 -30000.09996766 -30000.099965688 -30000.099988612 -30000.099983867 -30000.10002013 -30000.100004221 -30000.099999171 -30000.100012054 -30000.099998378 -30000.099978263 -30000.100027738 -30000.099990618 -30000.100029522 -30000.100013434 -30000.010798005 -30000.018008685 -30000.023836609 -30000.028493913 -30000.032006664 -30000.034516929 -30000.036112994 -30000.036976342 -30000.037127083 -30000.036823432 -30000.035971944 -30000.034704615
-30000.099992337 -30000.100002831 -30000.099996391 -30000.100020653 -30000.099979305 -30000.099993413 -30000.099988037 -30000.09999413 -30000.099987009 -30000.100007412 -30000.099995845 -30000.100002791 -30000.09999246 -30000.100021177 -30000.099979168 -30000.10002805 -30000.099994798 -30000.09999757 -30000.099991195 -30000.099996184 -30000.099987783 -30000.100000364 -30000.099997263 -30000.100020459 -30000.099982774 -30000.09999128 -30000.09997748 -30000.099998708 -30000.099981132 -30000.100019854 -30000.100001751 -30000.100009395 -30000.099997204 -30000.010039077 -30000.01732051 -30000.0232573 -30000.0279594 -30000.031589733 -30000.034159536 -30000.035906013 -30000.036864866 -30000.037165946 -30000.036893376 -30000.03614806 -30000.034988328 -30000.033540116
-30000.10000778 -30000.10001733 -30000.099987069 -30000.099973895 -30000.100009228 -30000.100004762 -30000.0999966 -30000.100007996 -30000.099994552 -30000.099995119 -30000.099989874 -30000.099989453 -30000.099994296 -30000.100008634 -30000.100040973 -30000.100019816 -30000.100009263 -30000.099953524 -30000.099996876 -30000.100005159 -30000.100008617 -30000.099963157 -30000.100017325 -30000.099948722 -30000.099990387 -30000.100000724 -30000.099994994 -30000.10000389 -30000.099997991 -30000.099986417 -30000.100003396 -30000.099990726 -30000.100051625 -30000.016783661 -30000.022771701 -30000.027497474 -30000.031208205 -30000.033869849 -30000.03571822 -30000.0367866 -30000.037161469 -30000.036976933 -30000.036319498 -30000.035222186 -30000.03383549 -30000.032127175
-30000.09996852 -30000.099992366 -30000.099996354 -30000.100033152 -30000.099995447 -30000.10002369 -30000.099987453 -30000.100002181 -30000.09996103 -30000.099999073 -30000.099992083 -30000.100007954 -30000.100038043 -30000.099987888 -30000.100009499 -30000.100013305 -30000.099991759 -30000.100004498 -30000.099998245 -30000.100021756 -30000.100024309 -30000.099996285 -30000.100002023 -30000.099996712 -30000.100002507 -30000.099996478 -30000.100020664 -30000.099997203 -30000.100011947 -30000.099996873 -30000.099998208 -30000.099984872 -30000.01635983 -30000.022372528 -30000.027162462 -30000.030912821 -30000.033678148 -30000.03555188 -30000.036674635 -30000.037155853 -30000.037029864 -30000.036439639 -30000.035413733 -30000.034086899 -30000.032494699 -30000.030683724
-30000.099995675 -30000.099990585 -30000.099970667 -30000.099972795 -30000.099994755 -30000.099986036 -30000.100004413 -30000.100002388 -30000.099993717 -30000.099997348 -30000.099973863 -30000.0999666 -30000.099997218 -30000.099995647 -30000.100030152 -30000.100004631 -30000.099996035 -30000.09998811 -30000.100003578 -30000.099985088 -30000.099995249 -30000.099962668 -30000.10001909 -30000.099990183 -30000.09999564 -30000.099998081 -30000.100001461 -30000.100006939 -30000.099998981 -30000.099981941 -30000.09999656 -30000.016150107 -30000.022104553 -30000.026925822 -30000.030687922 -30000.033430703 -30000.035453338 -30000.036601243 -30000.037125381 -30000.037083378 -30000.036592262 -30000.035602071 -30000.034319989 -30000.032751735 -30000.030996794 -30000.029069145
-30000.100019806 -30000.100010072 -30000.099988736 -30000.100047839 -30000.100000784 -30000.0999897 -30000.099988321 -30000.100002026 -30000.100044325 -30000.100013906 -30000.099989719 -30000.100004982 -30000.099987561 -30000.100025969 -30000.100027009 -30000.100017653 -30000.099989887 -30000.100001895 -30000.100020054 -30000.100043595 -30000.099975964 -30000.100008263 -30000.099990214 -30000.100005798 -30000.099982351 -30000.100007594 -30000.099992227 -30000.100016303 -30000.099988725 -30000.100021333 -30000.016071413 -30000.021998895 -30000.026744675 -30000.030550768 -30000.033375569 -30000.035312819 -30000.036532018 -30000.037113288 -30000.037095424 -30000.036637187 -30000.035704398 -30000.034500684 -30000.032981745 -30000.031259012 -30000.029403449 -30000.027445437
-30000.09999716 -30000.100007451 -30000.099968902 -30000.099983989 -30000.10000233 -30000.100005966 -30000.099994874 -30000.099999444 -30000.100019321 -30000.099983278 -30000.100017908 -30000.100018149 -30000.099991688 -30000.099991006 -30000.10000503 -30000.099988082 -30000.099994861 -30000.099991856 -30000.099994794 -30000.099983594 -30000.100003172 -30000.099952658 -30000.099978176 -30000.099986626 -30000.100016571 -30000.099991273 -30000.099990161 -30000.100022409 -30000.100014065 -30000.016134213 -30000.021985915 -30000.026739674 -30000.030466969 -30000.033257492 -30000.035283084 -30000.036445578 -30000.037119971 -30000.037115857 -30000.036688276 -30000.035845556 -30000.034647489 -30000.03318857 -30000.031485602 -30000.029684527 -30000.02771476 -30000.025661077
-30000.099974902 -30000.099969903 -30000.10000015 -30000.099974779 -30000.099984427 -30000.100008655 -30000.099987493 -30000.099996444 -30000.099988102 -30000.099999171 -30000.09999603 -30000.099996837 -30000.099979352 -30000.100016691 -30000.099978772 -30000.099966057 -30000.100002298 -30000.099975901 -30000.099989377 -30000.099995859 -30000.09999026 -30000.099999778 -30000.100009363 -30000.100001775 -30000.099990612 -30000.099998867 -30000.099998123 -30000.100004233 -30000.016366262 -30000.022129297 -30000.026784941 -30000.030439339 -30000.033227909 -30000.035202786 -30000.0364437 -30000.037061813 -30000.037135398 -30000.036722821 -30000.035906595 -30000.034766058 -30000.033338799 -30000.03167054 -30000.029883021 -30000.027973457 -30000.025964704 -30000.023949148
-30000.099997934 -30000.100001709 -30000.099993908 -30000.10000299 -30000.099993899 -30000.100008588 -30000.100004135 -30000.100007959 -30000.099994349 -30000.100001604 -30000.099978339 -30000.099962878 -30000.100004378 -30000.100002676 -30000.099993914 -30000.099997504 -30000.099993575 -30000.099990147 -30000.099996301 -30000.100005072 -30000.099992981 -30000.099956613 -30000.100039525 -30000.099987141 -30000.099993887 -30000.099978759 -30000.010050606 -30000.01680609 -30000.022396567 -30000.026947821 -30000.030528972 -30000.033262048 -30000.035195597 -30000.036463161 -30000.037071582 -30000.037109676 -30000.036781718 -30000.035990533 -30000.034851921 -30000.033484885 -30000.031897863 -30000.030079827 -30000.028175405 -30000.026230405 -30000.024197489 -30000.022135074
-30000.099982918 -30000.099983657 -30000.10000145 -30000.100002189 -30000.099996408 -30000.099993243 -30000.099977433 -30000.100002398 -30000.099991614 -30000.099996412 -30000.100000011 -30000.100008938 -30000.099984711 -30000.099980965 -30000.099991903 -30000.100047403 -30000.099992052 -30000.09999903 -30000.099983104 -30000.100000971 -30000.099994408 -30000.100014096 -30000.099995438 -30000.099990181 -30000.099981174 -30000.010825722 -30000.017336071 -30000.022796314 -30000.027196171 -30000.03070796 -30000.033346292 -30000.035235781 -30000.036471486 -30000.037078062 -30000.037142664 -30000.036769995 -30000.036004493 -30000.034912268 -30000.033537901 -30000.031964097 -30000.030205588 -30000.028356981 -30000.026412685 -30000.024438714 -30000.022393898 -30000.02041232
-30000.100017492 -30000.099997659 -30000.099972382 -30000.100012399 -30000.100016274 -30000.09998969 -30000.099986973 -30000.100025267 -30000.09998997 -30000.099999434 -30000.100010108 -30000.099981054 -30000.100017974 -30000.100022223 -30000.100003771 -30000.099989078 -30000.10002933 -30000.099996565 -30000.100013872 -30000.100022878 -30000.100027164 -30000.09997375 -30000.099986158 -30000.100010261 -30000.011787978 -30000.018062146 -30000.02325666 -30000.027584498 -30000.030923772 -30000.033533469 -30000.035358091 -30000.03648799 -30000.03711059 -30000.037210133 -30000.036788312 -30000.03599051 -30000.034963822 -30000.033604361 -30000.032071729 -30000.030351574 -30000.028502866 -30000.026560975 -30000.024553875 -30000.02257698 -30000.020648001 -30000.018655499
-30000.099984955 -30000.099997757 -30000.09998978 -30000.100011175 -30000.099962603 -30000.100013631 -30000.099987198 -30000.100003493 -30000.099982162 -30000.099991955 -30000.100003205 -30000.100022016 -30000.099991003 -30000.099988026 -30000.099998523 -30000.09999944 -30000.099973468 -30000.10000372 -30000.09998853 -30000.100009104 -30000.099981719 -30000.100003187 -30000.100015663 -30000.012861724 -30000.01887671 -30000.023904426 -30000.027978097 -30000.031242733 -30000.033670957 -30000.035436241 -30000.036553522 -30000.037103716 -30000.037163578 -30000.036781092 -30000.036000924 -30000.034952904 -30000.033626061 -30000.03207895 -30000.030381816 -30000.028565016 -30000.026658691 -30000.024719473 -30000.022744982 -30000.020780333 -30000.018839223 -30000.016955026
-30000.100002918 -30000.100003202 -30000.100013642 -30000.099989347 -30000.100009011 -30000.099996001 -30000.10000382 -30000.100008702 -30000.100003576 -30000.099980262 -30000.09998954 -30000.099976215 -30000.100002406 -30000.100013386 -30000.100001096 -30000.099999385 -30000.100001574 -30000.099952942 -30000.099998562 -30000.100009634 -30000.100000986 -30000.099967944 -30000.014109002 -30000.019805278 -30000.024632224 -30000.028522919 -30000.031596556 -30000.033935525 -30000.035579786 -30000.036622248 -30000.037132852 -30000.037118171 -30000.036748033 -30000.035992499 -30000.034943582 -30000.033565178 -30000.03207051 -30000.030378072 -30000.028626868 -30000.026745695 -30000.024814716 -30000.022861784 -30000.020927453 -30000.018999252 -30000.017143067 -30000.015297262
-30000.100010707 -30000.100003485 -30000.100001194 -30000.100015396 -30000.099999467 -30000.100038064 -30000.099973268 -30000.099992574 -30000.100040181 -30000.100004834 -30000.099994206 -30000.099993868 -30000.099999676 -30000.099992745 -30000.09997528 -30000.100015803 -30000.10001223 -30000.099993896 -30000.099966326 -30000.09997934 -30000.100006353 -30000.015471662 -30000.020910462 -30000.025432857 -30000.029101055 -30000.032013849 -30000.034198293 -30000.035755001 -30000.036725019 -30000.037144378 -30000.037118906 -30000.036705378 -30000.035932692 -30000.034865163 -30000.033578632 -30000.032049036 -30000.03039838 -30000.028612975 -30000.026757664 -30000.024858933 -30000.022922917 -30000.021000463 -30000.019107992 -30000.017262367 -30000.015472744 -30000.013749797
-30000.099999229 -30000.099998643 -30000.099979318 -30000.099981743 -30000.10000825 -30000.100004156 -30000.100005644 -30000.100007313 -30000.100002753 -30000.099993679 -30000.099985492 -30000.100017031 -30000.100007001 -30000.100007704 -30000.100007362 -30000.099984512 -30000.099999529 -30000.099998934 -30000.100002803 -30000.010915586 -30000.01694239 -30000.022018982 -30000.026373751 -30000.029762505 -30000.032490037 -30000.034524828 -30000.03594363 -30000.036812466 -30000.037179743 -30000.037104476 -30000.036643039 -30000.035851978 -30000.034789253 -30000.033474448 -30000.032000913 -30000.030294239 -30000.028611771 -30000.026744014 -30000.024858533 -30000.022950004 -30000.021057806 -30000.019161926 -30000.017338546 -30000.015577548 -30000.013858903 -30000.012205728
-30000.100016642 -30000.100010265 -30000.09997893 -30000.099997789 -30000.09999913 -30000.100000149 -30000.099982458 -30000.100008087 -30000.100034436 -30000.100034486 -30000.099996927 -30000.100047441 -30000.099984514 -30000.1000182 -30000.100031761 -30000.099999502 -30000.100013563 -30000.099997518 -30000.012885019 -30000.01849768 -30000.02325717 -30000.027259132 -30000.03046203 -30000.032993244 -30000.034845671 -30000.036154438 -30000.03689824 -30000.037230197 -30000.037050477 -30000.036574474 -30000.035749113 -30000.034690632 -30000.033358608 -30000.031884032 -30000.030220938 -30000.028500067 -30000.026670834 -30000.024824988 -30000.022925959 -30000.021058277 -30000.01917687 -30000.017410715 -30000.015610695 -30000.013962441 -30000.012319455 -30000.010812845
-30000.099998681 -30000.099995732 -30000.099985807 -30000.099999364 -30000.100000251 -30000.100030622 -30000.100021882 -30000.099994502 -30000.100001549 -30000.099992145 -30000.100012011 -30000.099979483 -30000.099995605 -30000.099998087 -30000.099988626 -30000.100013047 -30000.099996339 -30000.014851561 -30000.020109709 -30000.024564624 -30000.028227427 -30000.031147355 -30000.033530119 -30000.035207783 -30000.036358027 -30000.037001917 -30000.037217606 -30000.037023675 -30000.03646576 -30000.035614416 -30000.034563396 -30000.033215115 -30000.03173458 -30000.030127722 -30000.028384834 -30000.026542415 -30000.024774269 -30000.022874084 -30000.021022522 -30000.019189283 -30000.017383618 -30000.015657808 -30000.01396941 -30000.012355361 -30000.010866537 -30000.099946016
-30000.099986542 -30000.099983156 -30000.099981791 -30000.100018358 -30000.099992336 -30000.099983622 -30000.09999369 -30000.099993373 -30000.09999514 -30000.099993006 -30000.100001851 -30000.100020089 -30000.099977881 -30000.099997726 -30000.099976979 -30000.011253265 -30000.016910103 -30000.021772584 -30000.025861703 -30000.029258116 -30000.031943492 -30000.034026455 -30000.035555562 -30000.036551908 -30000.037080408 -30000.037200378 -30000.036923964 -30000.036345641 -30000.035452288 -30000.034349707 -30000.03303545 -30000.031517765 -30000.029924788 -30000.028221376 -30000.026416086 -30000.024588843 -30000.022771023 -30000.020950217 -30000.01910454 -30000.017329329 -30000.015622774 -30000.01398173 -30000.012401601 -30000.010895786 -30000.099984244 -30000.099997667
-30000.099991443 -30000.099990343 -30000.099964897 -30000.10001735 -30000.099989954 -30000.099985671 -30000.099999707 -30000.100007155 -30000.100009627 -30000.099995161 -30000.100000343 -30000.099984933 -30000.099999733 -30000.100003261 -30000.013782937 -30000.019000019 -30000.023448716 -30000.027198038 -30000.030264308 -30000.032714752 -30000.034571898 -30000.035866105 -30000.03676303 -30000.037171423 -30000.037179344 -30000.036830658 -30000.036192741 -30000.035279787 -30000.034141696 -30000.032822348 -30000.031281592 -30000.029689062 -30000.028042119 -30000.026231945 -30000.024448852 -30000.022584987 -30000.020824974 -30000.019027641 -30000.017277239 -30000.015573401 -30000.01394215 -30000.01237801 -30000.01091681 -30000.100009122 -30000.100014316 -30000.099968959
-30000.099986833 -30000.099991042 -30000.099995259 -30000.100010796 -30000.099964949 -30000.100004254 -30000.099989465 -30000.099998574 -30000.099990488 -30000.099995819 -30000.100006986 -30000.09999993 -30000.010802466 -30000.016329984 -30000.021053758 -30000.025130547 -30000.028510068 -30000.031276637 -30000.033440254 -30000.035111948 -30000.036225626 -30000.036936749 -30000.03720972 -30000.037125332 -30000.03669741 -30000.03600428 -30000.03504992 -30000.033895339 -30000.03252711 -30000.031056355 -30000.029446554 -30000.027758903 -30000.026009273 -30000.02424625 -30000.022421034 -30000.020652311 -30000.018890889 -30000.017151409 -30000.015483828 -30000.013886071 -30000.012328212 -30000.010878164 -30000.099984875 -30000.100011089 -30000.099983015 -30000.099996935
