Test data_DRK/Single Mount case/Moho_calc.grd
DSAA
325 251
-5100000 1380000
-2500000 2500000
-81047.46997793 -30000.00999864
[rows 40 to 59 of 251, columns 184 to 229 of 325]
-30000.099990839 -30000.100012295 -30000.099963167 -30000.100001198 -30000.099994894 -30000.099997551 -30000.100027863 -30000.100000772 -30000.0999979 -30000.100006421 -30000.100000551 -30000.09995495 -30000.099994183 -30000.100036248 -30000.099979305 -30000.099997059 -30000.100002549 -30000.10000188 -30000.099956208 -30000.100008613 -30000.100001964 -30000.100006581 -30000.099992954 -30000.099959523 -30000.1000097 -30000.099964303 -30000.099992805 -30000.100006201 -30000.10001085 -30000.099970348 -30000.099992854 -30000.100006457 -30000.100004299 -30000.0999899 -30000.099974301 -30000.099955163 -30000.099968342 -30000.100011774 -30000.100019071 -30000.099966575 -30000.100032864 -30000.099969315 -30000.099996401 -30000.100001951 -30000.100001522 -30000.099945002
-30000.099989475 -30000.099995639 -30000.099998714 -30000.099999369 -30000.099993543 -30000.100002892 -30000.099984372 -30000.099995908 -30000.100009527 -30000.100030711 -30000.099995645 -30000.099997558 -30000.100001532 -30000.100010128 -30000.099991657 -30000.100009309 -30000.100005694 -30000.100001104 -30000.100000484 -30000.100027668 -30000.099980158 -30000.100003561 -30000.099991977 -30000.099989163 -30000.099998232 -30000.099995009 -30000.100008448 -30000.100006624 -30000.099998385 -30000.099994662 -30000.099994233 -30000.099996695 -30000.100016933 -30000.100003728 -30000.099998683 -30000.100008917 -30000.10001777 -30000.099991887 -30000.100012542 -30000.099999813 -30000.099997429 -30000.099996941 -30000.10002132 -30000.099969384 -30000.100005563 -30000.10000851
-30000.209459967 -30000.187870997 -30000.161707648 -30000.131403504 -30000.097107039 -30000.059161439 -30000.017802078 -30000.099991291 -30000.100006486 -30000.100010473 -30000.099988796 -30000.10001811 -30000.100002973 -30000.099983037 -30000.099985684 -30000.100012134 -30000.100001902 -30000.099987029 -30000.09999207 -30000.100016671 -30000.099976595 -30000.100003601 -30000.099989211 -30000.099997732 -30000.100011566 -30000.099996492 -30000.099992508 -30000.100007509 -30000.099986304 -30000.100008953 -30000.099991914 -30000.099985696 -30000.099992675 -30000.099999693 -30000.100003502 -30000.09999052 -30000.099976882 -30000.100002931 -30000.100001871 -30000.099988355 -30000.099994738 -30000.099998274 -30000.099996287 -30000.100003693 -30000.099990475 -30000.09998572
-30000.657709527 -30000.630695943 -30000.597972299 -30000.559986789 -30000.516899437 -30000.469174383 -30000.417036006 -30000.360998517 -30000.301414167 -30000.238775519 -30000.173520463 -30000.106194321 -30000.037223963 -30000.099996026 -30000.099988501 -30000.099996877 -30000.100010118 -30000.100018609 -30000.100009224 -30000.099991823 -30000.099988747 -30000.100005048 -30000.09997684 -30000.100001144 -30000.10001285 -30000.100002574 -30000.099999735 -30000.099997286 -30000.099987736 -30000.100010045 -30000.099977836 -30000.100048619 -30000.100011049 -30000.100004727 -30000.099985375 -30000.099999223 -30000.100010057 -30000.099982642 -30000.099985056 -30000.100008332 -30000.099977294 -30000.100014899 -30000.100000179 -30000.099999043 -30000.099993206 -30000.100000129
-30001.205566614 -30001.172353457 -30001.132259095 -30001.085617845 -30001.032549186 -30000.973685888 -30000.909334887 -30000.83996536 -30000.766071161 -30000.68819401 -30000.606824861 -30000.52261645 -30000.436094648 -30000.34792546 -30000.258578131 -30000.168807743 -30000.079138952 -30000.099997224 -30000.100005154 -30000.100004248 -30000.09998875 -30000.100003114 -30000.100008161 -30000.100013097 -30000.100010363 -30000.09998239 -30000.099990372 -30000.100005789 -30000.100005752 -30000.099988129 -30000.100015735 -30000.100038512 -30000.100008414 -30000.09999957 -30000.100005857 -30000.099986788 -30000.099991336 -30000.10000108 -30000.100011932 -30000.099993563 -30000.099988483 -30000.099987718 -30000.100007127 -30000.100003315 -30000.100005548 -30000.099987314
-30001.863313573 -30001.823253271 -30001.774823596 -30001.718380091 -30001.654232735 -30001.58289761 -30001.504794174 -30001.420461752 -30001.33046174 -30001.235391106 -30001.135863266 -30001.032533199 -30000.926104241 -30000.817244768 -30000.70663507 -30000.595009492 -30000.483077371 -30000.371513294 -30000.26105745 -30000.152335015 -30000.045951326 -30000.099996379 -30000.099986993 -30000.099984874 -30000.100002404 -30000.099991611 -30000.10000248 -30000.100001305 -30000.099992896 -30000.099977893 -30000.099990982 -30000.100005329 -30000.099985663 -30000.099998418 -30000.099991669 -30000.099997427 -30000.099982624 -30000.100002708 -30000.09998558 -30000.099986463 -30000.100005556 -30000.099976038 -30000.099981447 -30000.100021486 -30000.099994129 -30000.099977944
-30002.64078951 -30002.593223692 -30002.535542007 -30002.46831356 -30002.391836814 -30002.30671109 -30002.213362898 -30002.11240426 -30002.004473857 -30001.89027088 -30001.770432575 -30001.645784136 -30001.516997647 -30001.385004302 -30001.250415693 -30001.114201246 -30000.977082066 -30000.83996753 -30000.703538853 -30000.56868542 -30000.436080231 -30000.306502628 -30000.18062059 -30000.059127 -30000.100000169 -30000.099984778 -30000.100006374 -30000.100018158 -30000.099991736 -30000.10000737 -30000.100007773 -30000.100003265 -30000.10000093 -30000.099998688 -30000.099991039 -30000.099986759 -30000.100001213 -30000.100002019 -30000.09999079 -30000.099987339 -30000.099992248 -30000.099988257 -30000.099998631 -30000.100016482 -30000.100015057 -30000.099992149
-30003.546829326 -30003.490978788 -30003.423313994 -30003.344353235 -30003.254445043 -30003.15419592 -30003.044153783 -30002.924996817 -30002.797405355 -30002.662117142 -30002.519918677 -30002.371660068 -30002.218202827 -30002.060462798 -30001.899271401 -30001.735629287 -30001.570435642 -30001.404618684 -30001.239143271 -30001.074817077 -30000.912651547 -30000.753439075 -30000.597948831 -30000.447037384 -30000.301398473 -30000.161702601 -30000.028558288 -30000.100008322 -30000.09998198 -30000.099995114 -30000.099994159 -30000.099999637 -30000.099993743 -30000.100003425 -30000.099991703 -30000.099994502 -30000.0999923 -30000.099986541 -30000.099983752 -30000.099984233 -30000.099997581 -30000.099985568 -30000.099991376 -30000.100005514 -30000.099987731 -30000.099991972
-30004.588946271 -30004.524228908 -30004.445808978 -30004.354198729 -30004.249882509 -30004.133307554 -30004.005262426 -30003.86641026 -30003.717475585 -30003.559329122 -30003.392854883 -30003.218879612 -30003.038392792 -30002.852491043 -30002.662129781 -30002.468300766 -30002.272070721 -30002.074564383 -30001.876776802 -30001.679754334 -30001.484544266 -30001.292096989 -30001.103413663 -30000.919336852 -30000.740842745 -30000.568662453 -30000.40355678 -30000.246177651 -30000.097094983 -30000.099971494 -30000.100007791 -30000.099999431 -30000.100006383 -30000.099999709 -30000.100002647 -30000.099982402 -30000.100017256 -30000.100005897 -30000.100014905 -30000.099985437 -30000.099974607 -30000.099995573 -30000.100036645 -30000.100006249 -30000.100030172 -30000.099996551
-30005.772478817 -30005.698440635 -30005.60867858 -30005.503713531 -30005.384009482 -30005.250235973 -30005.103047675 -30004.943213705 -30004.77153503 -30004.588946015 -30004.396335375 -30004.194763787 -30003.985247108 -30003.768879355 -30003.546832604 -30003.32020948 -30003.090226878 -30002.858040979 -30002.624836815 -30002.391842479 -30002.160168426 -30001.931003856 -30001.705414598 -30001.484510779 -30001.269280602 -30001.060661058 -30000.859555006 -30000.666807348 -30000.483059327 -30000.309051514 -30000.14528363 -30000.100010793 -30000.099997107 -30000.100012411 -30000.099995354 -30000.099992965 -30000.099985543 -30000.099990982 -30000.099986937 -30000.100009881 -30000.099984066 -30000.100007442 -30000.099986114 -30000.099998175 -30000.100021109 -30000.099989867
-30007.100151258 -30007.016465162 -30006.91495293 -30006.796122409 -30006.660511305 -30006.508751892 -30006.341628206 -30006.159814666 -30005.964292355 -30005.755991079 -30005.535897673 -30005.30504543 -30005.064708287 -30004.816001436 -30004.560097758 -30004.298339448 -30004.032012979 -30003.762452177 -30003.490946029 -30003.218865537 -30002.947503026 -30002.678136971 -30002.412087292 -30002.150524227 -30001.894742766 -30001.645703244 -30001.404622387 -30001.172343925 -30000.94976317 -30000.737673874 -30000.53687667 -30000.347913966 -30000.171133017 -30000.100004629 -30000.099991373 -30000.099995989 -30000.100003829 -30000.100018072 -30000.099995021 -30000.099973211 -30000.100001605 -30000.099953718 -30000.10000461 -30000.10001607 -30000.100004682 -30000.09995774
-30008.570965682 -30008.477550979 -30008.364173656 -30008.231311583 -30008.079549078 -30007.909523154 -30007.721951241 -30007.517707041 -30007.297696334 -30007.062876052 -30006.814308582 -30006.553157997 -30006.280649111 -30005.998036785 -30005.706633675 -30005.407828399 -30005.103042032 -30004.793731228 -30004.481347273 -30004.167420114 -30003.853304226 -30003.540606105 -30003.230683525 -30002.924970849 -30002.624831396 -30002.331569233 -30002.046383153 -30001.770432905 -30001.504750015 -30001.250394568 -30001.008123972 -30000.778732261 -30000.562855867 -30000.360957105 -30000.173487406 -30000.099993463 -30000.100010682 -30000.100022706 -30000.099988524 -30000.100001637 -30000.100000997 -30000.099998352 -30000.10001207 -30000.099974898 -30000.09999228 -30000.099997597
-30010.17958122 -30010.076669139 -30009.951627359 -30009.804998014 -30009.637275885 -30009.449117336 -30009.241329919 -30009.014684326 -30008.770103786 -30008.508627192 -30008.231280487 -30007.939356918 -30007.634018609 -30007.316680472 -30006.988659502 -30006.651522768 -30006.306724263 -30005.955858616 -30005.600541969 -30005.242430494 -30004.88306411 -30004.52418703 -30004.16737073 -30003.814217482 -30003.466263036 -30003.125003679 -30002.791893285 -30002.468257961 -30002.155348089 -30001.854364847 -30001.566295786 -30001.292131518 -30001.032527249 -30000.78825846 -30000.559906494 -30000.347832165 -30000.152284502 -30000.100008039 -30000.099997662 -30000.100004678 -30000.100020255 -30000.099996274 -30000.099995707 -30000.100018831 -30000.100012924 -30000.099987542
-30011.915018926 -30011.803218605 -30011.667216603 -30011.507563636 -30011.324738639 -30011.119360475 -30010.892156188 -30010.643930035 -30010.375560946 -30010.088056712 -30009.782512462 -30009.460144486 -30009.122208918 -30008.770128881 -30008.405289974 -30008.029305441 -30007.643750155 -30007.250352291 -30006.850790754 -30006.44686828 -30006.04034088 -30005.633071144 -30005.226799637 -30004.823409883 -30004.424546422 -30004.032010094 -30003.647403109 -30003.272288495 -30002.908115889 -30002.556361029 -30002.218181785 -30001.894737516 -30001.58702361 -30001.295890888 -30001.022021142 -30000.766031581 -30000.528283055 -30000.309038952 -30000.10840712 -30000.100001792 -30000.099989708 -30000.100005945 -30000.100004811 -30000.100009638 -30000.099986659 -30000.100019781
-30013.759570792 -30013.64001631 -30013.494300016 -30013.323124884 -30013.126761324 -30012.905848916 -30012.660986559 -30012.392961811 -30012.102570303 -30011.790803583 -30011.458657243 -30011.107355533 -30010.738125787 -30010.352439141 -30009.951615647 -30009.537434144 -30009.111430362 -30008.675455937 -30008.231295666 -30007.780893563 -30007.326135813 -30006.869065276 -30006.41164691 -30005.955862074 -30005.503689464 -30005.057052688 -30004.617857278 -30004.187891125 -30003.768871692 -30003.362447627 -30002.970069558 -30002.593123848 -30002.232846533 -30001.890230937 -30001.566286483 -30001.261690851 -30000.97705659 -30000.712788768 -30000.469110216 -30000.246121825 -30000.043721247 -30000.099996868 -30000.100005796 -30000.099997232 -30000.099976504 -30000.099988265
-30015.687553193 -30015.561826337 -30015.408545681 -30015.228088076 -30015.020736792 -30014.787022518 -30014.527411741 -30014.242544107 -30013.933160011 -30013.600166482 -30013.244390119 -30012.867039671 -30012.469235467 -30012.052422361 -30011.61795707 -30011.167478834 -30010.702762404 -30010.225471889 -30009.737690924 -30009.241327756 -30008.738469969 -30008.231285276 -30007.721930025 -30007.212595797 -30006.705497388 -30006.202786482 -30005.706596878 -30005.219009137 -30004.742005635 -30004.277502469 -30003.827195519 -30003.392789133 -30002.975719967 -30002.577322356 -30002.198756987 -30001.840963598 -30001.504748996 -30001.190717463 -30000.899239121 -30000.630582038 -30000.384761447 -30000.161647037 -30000.09998106 -30000.100006575 -30000.099996405 -30000.099983265
-30017.663885351 -30017.534462275 -30017.376413578 -30017.190048976 -30016.975361581 -30016.732790128 -30016.462697433 -30016.165489708 -30015.841744034 -30015.492127197 -30015.117366153 -30014.718530469 -30014.296637841 -30013.852958413 -30013.388822989 -30012.905846574 -30012.405661082 -30011.890112456 -30011.361161735 -30010.820893564 -30010.271532882 -30009.715330209 -30009.154599021 -30008.591795727 -30008.02929356 -30007.469533914 -30006.914913653 -30006.367806172 -30005.83043438 -30005.305043681 -30004.793715102 -30004.298372445 -30003.820696001 -30003.362438556 -30002.924934709 -30002.509506608 -30002.117118214 -30001.748610854 -30001.404590001 -30001.085478982 -30000.791475089 -30000.522557389 -30000.278558208 -30000.059096449 -30000.100002056 -30000.100004856
-30019.642484292 -30019.512672597 -30019.353822878 -30019.165990558 -30018.949097617 -30018.703250989 -30018.428561897 -30018.125201612 -30017.793494234 -30017.433864415 -30017.046817201 -30016.633178497 -30016.193714629 -30015.729570184 -30015.24192627 -30014.732190695 -30014.202031216 -30013.653196019 -30013.087613825 -30012.507478247 -30011.915001892 -30011.312577534 -30010.702723964 -30010.088056045 -30009.471146719 -30008.854728745 -30008.24145031 -30007.634032796 -30007.034954187 -30006.446838042 -30005.872061901 -30005.312937506 -30004.771493389 -30004.249813061 -30003.749533878 -30003.272287373 -30002.819321441 -30002.391812647 -30001.99054432 -30001.616245711 -30001.269246251 -30000.949717731 -30000.657642838 -30000.392776015 -30000.154599953 -30000.09996999
-30021.564879128 -30021.439042157 -30021.28449926 -30021.10121404 -30020.888782488 -30020.647009084 -30020.375552405 -30020.074390486 -30019.743414758 -30019.382710711 -30018.992472656 -30018.573144934 -30018.125150776 -30017.649561314 -30017.146996274 -30016.619001056 -30016.066753074 -30015.492047175 -30014.896821627 -30014.283109014 -30013.653202131 -30013.009564884 -30012.354882132 -30011.69184339 -30011.023392213 -30010.352372226 -30009.681810521 -30009.014674676 -30008.353873796 -30007.702349435 -30007.062841948 -30006.43807979 -30005.830439595 -30005.242385368 -30004.676048056 -30004.133278649 -30003.615779096 -30003.124997913 -30002.662066903 -30002.227920179 -30001.823212889 -30001.448289018 -30001.103357793 -30000.788287389 -30000.502706117 -30000.246108287
-30023.358292357 -30023.241915478 -30023.098465574 -30022.927452587 -30022.728047767 -30022.499720393 -30022.24176699 -30021.95359062 -30021.634613542 -30021.284510257 -30020.902974419 -30020.489982324 -30020.045649211 -30019.570428007 -30019.064760448 -30018.529741752 -30017.966450467 -30017.376382076 -30016.761285766 -30016.123115233 -30015.464198487 -30014.787006228 -30014.094226684 -30013.388818303 -30012.673813904 -30011.952390196 -30011.227827236 -30010.503456042 -30009.782483923 -30009.068324356 -30008.364140524 -30007.67298682 -30006.99788331 -30006.341554532 -30005.706592358 -30005.095340909 -30004.509859842 -30003.952030855 -30003.423264102 -30002.924934095 -30002.457986452 -30002.022995187 -30001.620442569 -30001.250374357 -30000.912617587 -30000.606779113
