Test data_DRK/Single Mount case/Moho_calc.grd
DSAA
325 251
-5100000 1380000
-2500000 2500000
-81047.46997793 -30000.00999864
[rows 140 to 159 of 251, columns 276 to 321 of 325]
-30000.100011451 -30000.100005611 -30000.099988785 -30000.100004887 -30000.099980716 -30000.099983157 -30000.100003181 -30000.099960268 -30000.100031041 -30000.099991691 -30000.100003813 -30000.10001142 -30000.099995431 -30000.099962187 -30000.100025354 -30000.099979465 -30000.014759494 -30000.023036008 -30000.029122398 -30000.033231239 -30000.035771438 -30000.036985884 -30000.037106447 -30000.036293179 -30000.034909699 -30000.032977083 -30000.030699177 -30000.028187534 -30000.025537484 -30000.022854805 -30000.020236816 -30000.017659045 -30000.0152692 -30000.013020676 -30000.010879399 -30000.099998001 -30000.099982157 -30000.099944314 -30000.099996199 -30000.099999678 -30000.100006388 -30000.099981388 -30000.099976701 -30000.100005461 -30000.100004361 -30000.09999299
-30000.099985299 -30000.099997075 -30000.099992954 -30000.099993935 -30000.100000579 -30000.099992789 -30000.099986306 -30000.099988044 -30000.099969946 -30000.099989108 -30000.099976505 -30000.100012828 -30000.099988026 -30000.10000025 -30000.099991002 -30000.100010761 -30000.016012167 -30000.023978021 -30000.029750519 -30000.033670472 -30000.036000753 -30000.037047707 -30000.037010169 -30000.036179876 -30000.034683456 -30000.032707185 -30000.030363368 -30000.027852887 -30000.025190223 -30000.022522228 -30000.019882974 -30000.017375462 -30000.014951559 -30000.012720393 -30000.010640774 -30000.100001924 -30000.099979412 -30000.100001906 -30000.099985009 -30000.100000778 -30000.099979922 -30000.099997111 -30000.099987107 -30000.099994812 -30000.10000939 -30000.09999205
-30000.099992307 -30000.100001472 -30000.100016945 -30000.099988371 -30000.100020411 -30000.100085749 -30000.099998993 -30000.099971915 -30000.099976761 -30000.100003487 -30000.099994968 -30000.100021622 -30000.100045562 -30000.099971564 -30000.100042573 -30000.100016502 -30000.017358806 -30000.024967486 -30000.030425154 -30000.034102009 -30000.036231508 -30000.037118044 -30000.036959743 -30000.035962382 -30000.034443531 -30000.032452563 -30000.030039158 -30000.027501229 -30000.024846538 -30000.022176719 -30000.019608938 -30000.017042514 -30000.014660282 -30000.012431548 -30000.010376694 -30000.100013841 -30000.100004867 -30000.099974358 -30000.099988498 -30000.099991621 -30000.100026716 -30000.099996645 -30000.100012309 -30000.099998756 -30000.099996583 -30000.100000267
-30000.099976853 -30000.100052036 -30000.099997446 -30000.099993267 -30000.100017767 -30000.099999271 -30000.099981532 -30000.100002366 -30000.100028045 -30000.099993395 -30000.099988737 -30000.100008901 -30000.09998335 -30000.099999605 -30000.100009535 -30000.1000028 -30000.018691893 -30000.025938496 -30000.031085088 -30000.03451626 -30000.036410031 -30000.037169432 -30000.036851925 -30000.035795137 -30000.034159042 -30000.032078874 -30000.029680931 -30000.027123936 -30000.024451504 -30000.021813349 -30000.019189547 -30000.016705921 -30000.014359625 -30000.012128525 -30000.010104713 -30000.100005112 -30000.099988142 -30000.099997697 -30000.099975395 -30000.099999098 -30000.099982388 -30000.10000714 -30000.100012441 -30000.099999824 -30000.100010385 -30000.099986459
-30000.099985112 -30000.099985124 -30000.100009206 -30000.099978012 -30000.099988638 -30000.099996681 -30000.100006473 -30000.09996723 -30000.100018147 -30000.100002012 -30000.100001951 -30000.100007732 -30000.100013731 -30000.099964818 -30000.100034655 -30000.01088538 -30000.020055134 -30000.026914973 -30000.031789471 -30000.034914123 -30000.03662819 -30000.037153267 -30000.036732665 -30000.035553605 -30000.033873986 -30000.031738437 -30000.029313321 -30000.026732325 -30000.024066141 -30000.021422518 -30000.018815578 -30000.016321377 -30000.014005637 -30000.011828618 -30000.099996746 -30000.100005566 -30000.100005374 -30000.099954038 -30000.099974184 -30000.100004973 -30000.099999722 -30000.09999738 -30000.100006765 -30000.100003201 -30000.099995363 -30000.099984559
-30000.099992748 -30000.100014615 -30000.100010346 -30000.09999465 -30000.100002204 -30000.099997961 -30000.100015655 -30000.099999451 -30000.099991504 -30000.099989689 -30000.100006396 -30000.099988127 -30000.100001044 -30000.099994342 -30000.099998849 -30000.012676551 -30000.021411239 -30000.027887877 -30000.032414564 -30000.035293012 -30000.036793653 -30000.037140209 -30000.036599232 -30000.035338924 -30000.033534453 -30000.031381979 -30000.028904735 -30000.026303534 -30000.023652449 -30000.020995789 -30000.018422778 -30000.015977957 -30000.013649104 -30000.011525406 -30000.100009922 -30000.099995146 -30000.099998165 -30000.099993172 -30000.099993244 -30000.10000126 -30000.09998852 -30000.100002068 -30000.099983839 -30000.099982814 -30000.10001891 -30000.099989382
-30000.100002903 -30000.099992161 -30000.100003725 -30000.09999284 -30000.099989261 -30000.100005512 -30000.100004621 -30000.099956941 -30000.100015255 -30000.100039788 -30000.09999929 -30000.100005609 -30000.10000224 -30000.099968495 -30000.099978042 -30000.014433822 -30000.022750529 -30000.028841108 -30000.033020779 -30000.035660994 -30000.0369204 -30000.037122012 -30000.036406702 -30000.035019382 -30000.033196874 -30000.030953988 -30000.028463838 -30000.025858418 -30000.023206338 -30000.020583049 -30000.018008477 -30000.01558014 -30000.013298735 -30000.011161703 -30000.099992334 -30000.100004823 -30000.099993506 -30000.099970039 -30000.100000844 -30000.100021787 -30000.100005411 -30000.099999828 -30000.100036828 -30000.099988358 -30000.099999835 -30000.099996988
-30000.099990433 -30000.100012132 -30000.100010711 -30000.099972885 -30000.099993274 -30000.099991889 -30000.100012107 -30000.099993324 -30000.099984121 -30000.099989295 -30000.100005131 -30000.100008168 -30000.099997194 -30000.100008911 -30000.099998615 -30000.016255505 -30000.024090847 -30000.029782451 -30000.033657984 -30000.035991648 -30000.037040462 -30000.037026293 -30000.036219108 -30000.034745038 -30000.032795517 -30000.030501569 -30000.028026744 -30000.025374999 -30000.022747497 -30000.020124809 -30000.01759106 -30000.015208547 -30000.012929118 -30000.01084026 -30000.100005841 -30000.099999808 -30000.099995449 -30000.100000511 -30000.099986751 -30000.099987351 -30000.099981962 -30000.100018789 -30000.099992922 -30000.099991739 -30000.099988551 -30000.099982903
-30000.100000161 -30000.100027798 -30000.100023682 -30000.100006755 -30000.099975282 -30000.100030958 -30000.100007065 -30000.099966913 -30000.10002008 -30000.099978425 -30000.099999719 -30000.100003118 -30000.099996917 -30000.099972302 -30000.099987901 -30000.018007988 -30000.02538929 -30000.030703325 -30000.034222006 -30000.036284068 -30000.037109412 -30000.036950557 -30000.035981878 -30000.034385877 -30000.032398606 -30000.030054659 -30000.02753377 -30000.024906837 -30000.022265537 -30000.019640698 -30000.017149581 -30000.014755012 -30000.012533937 -30000.010476651 -30000.100001008 -30000.100000993 -30000.100002865 -30000.099950491 -30000.100001483 -30000.099990379 -30000.099994155 -30000.099984328 -30000.100035829 -30000.100023368 -30000.099980775 -30000.100023032
-30000.099972861 -30000.100012082 -30000.099985147 -30000.099991598 -30000.099999299 -30000.099996692 -30000.099993036 -30000.099977422 -30000.099985003 -30000.099996803 -30000.099960603 -30000.100003058 -30000.099991577 -30000.099997738 -30000.010563292 -30000.019769822 -30000.026636911 -30000.031560801 -30000.034757114 -30000.036536142 -30000.037124162 -30000.036811548 -30000.035700365 -30000.034053569 -30000.03195783 -30000.029602251 -30000.027016258 -30000.024404262 -30000.02176159 -30000.01918462 -30000.016691447 -30000.014354355 -30000.01214513 -30000.010140418 -30000.099993425 -30000.100008968 -30000.099984684 -30000.099995088 -30000.099985328 -30000.10000855 -30000.100002835 -30000.099997156 -30000.099980772 -30000.100003028 -30000.100028924 -30000.099981983
-30000.099978488 -30000.100001006 -30000.100014203 -30000.099979863 -30000.099986716 -30000.100004277 -30000.10000089 -30000.099976919 -30000.09998488 -30000.100000736 -30000.099998631 -30000.100040128 -30000.100001549 -30000.099973858 -30000.012816488 -30000.021542302 -30000.027897478 -30000.032398588 -30000.035244873 -30000.036774697 -30000.037147273 -30000.036645549 -30000.035458779 -30000.033663763 -30000.031483618 -30000.029103583 -30000.026526849 -30000.023879698 -30000.02126036 -30000.018671223 -30000.016233031 -30000.013906411 -30000.011726716 -30000.100008266 -30000.099994607 -30000.099997318 -30000.100000751 -30000.099971875 -30000.0999749 -30000.100009041 -30000.10002755 -30000.100004417 -30000.100018718 -30000.099997129 -30000.100035758 -30000.100010286
-30000.099990118 -30000.100010179 -30000.099994103 -30000.100008555 -30000.100016536 -30000.100011564 -30000.099975435 -30000.099997557 -30000.100016349 -30000.100019534 -30000.099981989 -30000.10000706 -30000.099986921 -30000.099984912 -30000.015075941 -30000.023145252 -30000.029060274 -30000.033181268 -30000.03569524 -30000.036942383 -30000.037094997 -30000.036436584 -30000.03506818 -30000.033204902 -30000.031035076 -30000.028552298 -30000.025974665 -30000.023328113 -30000.020696691 -30000.018182654 -30000.015714393 -30000.013452585 -30000.011338864 -30000.10001181 -30000.099995194 -30000.100004923 -30000.099973802 -30000.099996652 -30000.099986193 -30000.100002196 -30000.099994795 -30000.100006944 -30000.100013814 -30000.099997741 -30000.100024218 -30000.099989624
-30000.099988909 -30000.099994275 -30000.099999987 -30000.099989025 -30000.099997663 -30000.099979372 -30000.100006956 -30000.099959638 -30000.100030312 -30000.099998329 -30000.099996904 -30000.100006509 -30000.100007297 -30000.099969431 -30000.017171642 -30000.024738893 -30000.030196733 -30000.033881764 -30000.036118552 -30000.037053278 -30000.037016646 -30000.036171847 -30000.034703378 -30000.032715482 -30000.030486977 -30000.02799511 -30000.025412501 -30000.022764101 -30000.020158674 -30000.017635426 -30000.015180429 -30000.012971682 -30000.01090577 -30000.099991753 -30000.09999154 -30000.099996744 -30000.100003761 -30000.09995292 -30000.099976298 -30000.099990927 -30000.100002314 -30000.099995101 -30000.100039904 -30000.099979933 -30000.099978642 -30000.100000886
-30000.099996138 -30000.100015666 -30000.09997939 -30000.09999989 -30000.099997251 -30000.100010283 -30000.099988246 -30000.099998209 -30000.099993613 -30000.09999792 -30000.099979983 -30000.100013383 -30000.09998156 -30000.010062467 -30000.019292873 -30000.02628049 -30000.031219619 -30000.034558673 -30000.03644736 -30000.037134892 -30000.036870493 -30000.035888969 -30000.034260169 -30000.03226696 -30000.029919093 -30000.027395615 -30000.024787904 -30000.022167678 -30000.019581539 -30000.017092202 -30000.014731247 -30000.012527687 -30000.010454788 -30000.099990302 -30000.099984796 -30000.100007744 -30000.099987053 -30000.099986856 -30000.099980533 -30000.099994985 -30000.100011035 -30000.100039152 -30000.099988175 -30000.099992141 -30000.100018092 -30000.099998485
-30000.100023672 -30000.100016516 -30000.100011329 -30000.100000346 -30000.100001348 -30000.100026341 -30000.100013233 -30000.099982333 -30000.099987723 -30000.100006469 -30000.100002024 -30000.100015849 -30000.100006843 -30000.012670501 -30000.021353005 -30000.027810291 -30000.032231109 -30000.035155729 -30000.03670807 -30000.037161644 -30000.036688566 -30000.035536037 -30000.03381835 -30000.031680848 -30000.029336058 -30000.026833978 -30000.024184764 -30000.021578718 -30000.019024569 -30000.016553324 -30000.014235993 -30000.012052417 -30000.01010469 -30000.09998999 -30000.099996221 -30000.099992168 -30000.099993502 -30000.100005407 -30000.099987312 -30000.100039332 -30000.100006453 -30000.100032628 -30000.100012387 -30000.099998204 -30000.100010266 -30000.099983606
-30000.099997857 -30000.100012939 -30000.099991678 -30000.100002159 -30000.100002695 -30000.099985863 -30000.099991373 -30000.099995982 -30000.100026805 -30000.100007543 -30000.099988881 -30000.099993445 -30000.099980171 -30000.01523674 -30000.023238307 -30000.029102121 -30000.033147273 -30000.035698488 -30000.036906543 -30000.037120198 -30000.036441469 -30000.03511399 -30000.033307079 -30000.031121991 -30000.028745791 -30000.026160898 -30000.023527624 -30000.020951413 -30000.018399015 -30000.015978277 -30000.013676217 -30000.011568329 -30000.099982489 -30000.099987167 -30000.099980335 -30000.100002083 -30000.09998694 -30000.099996234 -30000.099980448 -30000.099993517 -30000.099986678 -30000.099992287 -30000.099982145 -30000.099983009 -30000.100016218 -30000.099995678
-30000.100021716 -30000.099991799 -30000.099999306 -30000.099997429 -30000.100003857 -30000.099990511 -30000.100003115 -30000.099959736 -30000.099996575 -30000.099993092 -30000.099988636 -30000.10000113 -30000.099997412 -30000.01767986 -30000.025076501 -30000.030374272 -30000.033983398 -30000.036133986 -30000.037082064 -30000.036985218 -30000.036179144 -30000.034728571 -30000.032796804 -30000.030503982 -30000.028089525 -30000.02552574 -30000.022900552 -30000.020312744 -30000.017802282 -30000.015405999 -30000.013149959 -30000.011065421 -30000.100033899 -30000.099996547 -30000.099985627 -30000.100005805 -30000.100007827 -30000.099958455 -30000.100008376 -30000.1000088 -30000.100000892 -30000.099983303 -30000.099968404 -30000.099970894 -30000.099985345 -30000.099986996
-30000.099982044 -30000.099995407 -30000.099999121 -30000.100026499 -30000.099997617 -30000.099996482 -30000.099982682 -30000.099991188 -30000.099993504 -30000.099994348 -30000.099978247 -30000.099997255 -30000.011137215 -30000.02004559 -30000.026765387 -30000.031573911 -30000.034714396 -30000.036516644 -30000.037155878 -30000.036843751 -30000.035812856 -30000.034244202 -30000.032199349 -30000.029884172 -30000.027420722 -30000.024834006 -30000.02220894 -30000.01965066 -30000.017162981 -30000.014829947 -30000.012608477 -30000.010595061 -30000.0999986 -30000.099975625 -30000.099990197 -30000.100011574 -30000.099976166 -30000.100001492 -30000.099977917 -30000.1000071 -30000.099984808 -30000.100019256 -30000.099998061 -30000.099987365 -30000.100006481 -30000.10000476
-30000.099999457 -30000.0999916 -30000.100006809 -30000.10000274 -30000.099977105 -30000.100008483 -30000.100014007 -30000.099968812 -30000.100059644 -30000.100009647 -30000.100007132 -30000.100001252 -30000.014044285 -30000.022275971 -30000.028371831 -30000.032705134 -30000.035373838 -30000.036792856 -30000.03714321 -30000.03663251 -30000.035438169 -30000.033735372 -30000.031612252 -30000.029254335 -30000.026727489 -30000.024145746 -30000.021536876 -30000.018994756 -30000.016545823 -30000.014210943 -30000.012062836 -30000.010071078 -30000.099978717 -30000.099994345 -30000.099992068 -30000.099997429 -30000.099986747 -30000.099986154 -30000.100016094 -30000.10000633 -30000.100005952 -30000.100014649 -30000.100028254 -30000.099972488 -30000.099996 -30000.09998545
-30000.099996525 -30000.100006763 -30000.099974929 -30000.100023991 -30000.099990498 -30000.099980658 -30000.099985653 -30000.100006861 -30000.100000477 -30000.100008029 -30000.099974987 -30000.100008385 -30000.016848485 -30000.024357745 -30000.029842768 -30000.033628796 -30000.035926846 -30000.037015948 -30000.037074127 -30000.036351007 -30000.034980874 -30000.03315977 -30000.03095466 -30000.028554547 -30000.026008125 -30000.023455268 -30000.020819476 -30000.018312117 -30000.015880347 -30000.013631529 -30000.011528633 -30000.100022997 -30000.099988471 -30000.100000178 -30000.099993867 -30000.100038832 -30000.099983402 -30000.10000067 -30000.099990872 -30000.100012135 -30000.0999973 -30000.10001694 -30000.099994326 -30000.100006305 -30000.100013122 -30000.099994823
