Test data_DRK/Single Mount case/Moho_calc.grd
DSAA
325 251
-5100000 1380000
-2500000 2500000
-81047.46997793 -30000.00999864
[rows 20 to 39 of 251, columns 138 to 183 of 325]
-30000.014973802 -30000.011362307 -30000.100006169 -30000.099997415 -30000.100004215 -30000.100015028 -30000.099992544 -30000.099973981 -30000.099982283 -30000.100010554 -30000.100017243 -30000.100011085 -30000.100010845 -30000.100007993 -30000.100030068 -30000.099996744 -30000.100009928 -30000.100021598 -30000.100003539 -30000.100008054 -30000.100021299 -30000.099988974 -30000.099975119 -30000.100004961 -30000.09999436 -30000.099986489 -30000.099987984 -30000.100040014 -30000.100005798 -30000.10001908 -30000.100010999 -30000.099993334 -30000.099987054 -30000.099993875 -30000.099991028 -30000.099960791 -30000.100013632 -30000.100040071 -30000.100007612 -30000.100003218 -30000.100017972 -30000.10001393 -30000.099988036 -30000.099999815 -30000.100055159 -30000.099964208
-30000.09999024 -30000.099999011 -30000.100001158 -30000.10001173 -30000.099982642 -30000.100002596 -30000.099980584 -30000.100008486 -30000.100005584 -30000.100005258 -30000.09998355 -30000.100008461 -30000.099994642 -30000.099985608 -30000.099977694 -30000.099999435 -30000.099996389 -30000.10000939 -30000.099976564 -30000.100032187 -30000.099994407 -30000.100010189 -30000.099980514 -30000.099998536 -30000.09999401 -30000.099987558 -30000.099959851 -30000.100000783 -30000.099996684 -30000.099981321 -30000.100009848 -30000.09996663 -30000.100008972 -30000.10001053 -30000.09998974 -30000.099993522 -30000.099986811 -30000.099984498 -30000.099981469 -30000.099990887 -30000.100005927 -30000.100013093 -30000.100004897 -30000.099994059 -30000.09999855 -30000.100014482
-30000.099991244 -30000.099982631 -30000.099994439 -30000.099945912 -30000.099993222 -30000.099995373 -30000.100004018 -30000.0999676 -30000.100014055 -30000.099987856 -30000.100009789 -30000.099996581 -30000.100004202 -30000.099960126 -30000.100005101 -30000.100006446 -30000.099992096 -30000.09999784 -30000.099995738 -30000.099987475 -30000.099981996 -30000.099983495 -30000.099998457 -30000.099998818 -30000.099977237 -30000.099958249 -30000.100014722 -30000.100017634 -30000.100011032 -30000.099970969 -30000.09998761 -30000.099990329 -30000.099992785 -30000.100010197 -30000.100019593 -30000.099966409 -30000.099988626 -30000.100000653 -30000.100015746 -30000.099984645 -30000.099997873 -30000.099975667 -30000.099988993 -30000.100005421 -30000.100016981 -30000.099957113
-30000.099978052 -30000.100010137 -30000.099984665 -30000.099985296 -30000.099994148 -30000.100000911 -30000.099985921 -30000.099991229 -30000.099996923 -30000.099994237 -30000.099981232 -30000.100000471 -30000.099986074 -30000.099989238 -30000.099973479 -30000.100001194 -30000.09998099 -30000.100004836 -30000.099981932 -30000.100005328 -30000.099960196 -30000.099991146 -30000.09999171 -30000.100022402 -30000.099994213 -30000.099984998 -30000.099982141 -30000.100016679 -30000.09998356 -30000.100004018 -30000.099968414 -30000.10000363 -30000.099982751 -30000.099997875 -30000.099984217 -30000.099996087 -30000.099986651 -30000.099989167 -30000.09998384 -30000.100007315 -30000.099984944 -30000.099995882 -30000.099980585 -30000.100009884 -30000.099978399 -30000.099993281
-30000.100020163 -30000.099994585 -30000.099996803 -30000.099990205 -30000.099994974 -30000.100002033 -30000.09999755 -30000.099961151 -30000.100012075 -30000.100001319 -30000.099998569 -30000.099990051 -30000.099970763 -30000.099988287 -30000.100008393 -30000.099958569 -30000.099995876 -30000.099996765 -30000.099979908 -30000.099985947 -30000.100011031 -30000.09997762 -30000.099993328 -30000.100009003 -30000.099984449 -30000.099987416 -30000.099988051 -30000.099989979 -30000.099997756 -30000.09998953 -30000.100004599 -30000.099999346 -30000.099987863 -30000.100019318 -30000.100004771 -30000.099997286 -30000.099979241 -30000.099972455 -30000.099975807 -30000.099999717 -30000.100006534 -30000.099985052 -30000.099978674 -30000.100002487 -30000.099994531 -30000.100010709
-30000.099986831 -30000.1000075 -30000.09996836 -30000.099991414 -30000.09998679 -30000.100007479 -30000.099982962 -30000.099994582 -30000.099994984 -30000.100008599 -30000.100000192 -30000.100011219 -30000.099970301 -30000.099987888 -30000.099971843 -30000.099994539 -30000.099997618 -30000.100007897 -30000.099977515 -30000.099995489 -30000.099986743 -30000.099992262 -30000.099975049 -30000.100012603 -30000.099988378 -30000.099996495 -30000.099987348 -30000.10000468 -30000.099992964 -30000.099992639 -30000.099981671 -30000.099995909 -30000.099989884 -30000.100009379 -30000.099984325 -30000.099998194 -30000.100002253 -30000.10000737 -30000.099991455 -30000.100004258 -30000.099989312 -30000.099974192 -30000.100003541 -30000.100015403 -30000.099987462 -30000.099993258
-30000.099996993 -30000.100002907 -30000.099971371 -30000.099989371 -30000.099993445 -30000.099996834 -30000.100008285 -30000.099955093 -30000.100015876 -30000.099987056 -30000.099988352 -30000.099978379 -30000.099990924 -30000.099982144 -30000.100005365 -30000.099983747 -30000.099980437 -30000.100023384 -30000.100015036 -30000.100006192 -30000.10003079 -30000.099990711 -30000.099999083 -30000.100009759 -30000.099989629 -30000.100011352 -30000.100014991 -30000.10002563 -30000.099987397 -30000.100027721 -30000.100030547 -30000.099969013 -30000.099993575 -30000.099999138 -30000.10000324 -30000.099994227 -30000.099998313 -30000.100079694 -30000.099997695 -30000.100013523 -30000.100019299 -30000.100004106 -30000.099990226 -30000.100007611 -30000.100006607 -30000.099989799
-30000.099994243 -30000.099998299 -30000.09999059 -30000.09999143 -30000.099996311 -30000.099996355 -30000.099983604 -30000.099985554 -30000.099996434 -30000.100011874 -30000.099985024 -30000.099995749 -30000.099982582 -30000.099988275 -30000.099972421 -30000.09998027 -30000.099997925 -30000.100005962 -30000.099987239 -30000.099986838 -30000.099979236 -30000.099984846 -30000.099975011 -30000.100003183 -30000.099974054 -30000.099996648 -30000.10000774 -30000.100031184 -30000.099984459 -30000.099996322 -30000.099979401 -30000.099978662 -30000.100008964 -30000.099995555 -30000.099986103 -30000.099996004 -30000.099986787 -30000.099998167 -30000.099990185 -30000.099993559 -30000.099984497 -30000.099981191 -30000.099987452 -30000.099996144 -30000.099990113 -30000.099998271
-30000.099982891 -30000.099992948 -30000.099986933 -30000.099997103 -30000.100004743 -30000.099977433 -30000.099998014 -30000.099968216 -30000.099991034 -30000.099997255 -30000.099979998 -30000.100001734 -30000.100005605 -30000.099991106 -30000.100035586 -30000.10001411 -30000.099965106 -30000.099984768 -30000.100020789 -30000.1000154 -30000.100026116 -30000.099987077 -30000.099987917 -30000.099987231 -30000.10000468 -30000.099974269 -30000.099990349 -30000.100050325 -30000.100001639 -30000.100010661 -30000.100026556 -30000.100001101 -30000.099983154 -30000.100008607 -30000.100017089 -30000.100021202 -30000.099986198 -30000.099991355 -30000.099978483 -30000.10000958 -30000.100008559 -30000.099983718 -30000.099983569 -30000.100004149 -30000.100001315 -30000.099974983
-30000.099983214 -30000.099995111 -30000.099997863 -30000.09998205 -30000.0999859 -30000.100011098 -30000.099985377 -30000.100006822 -30000.100003671 -30000.100026018 -30000.09999458 -30000.099990153 -30000.099995874 -30000.099999724 -30000.099991562 -30000.10001539 -30000.099987982 -30000.100011448 -30000.099986694 -30000.100012811 -30000.099976656 -30000.100008798 -30000.099999219 -30000.100002034 -30000.099980854 -30000.099986252 -30000.099990409 -30000.100007997 -30000.099990644 -30000.100006241 -30000.099999267 -30000.100005424 -30000.099994686 -30000.100004659 -30000.099982678 -30000.099998366 -30000.099982492 -30000.099982078 -30000.099985219 -30000.100026978 -30000.100003491 -30000.100004292 -30000.099977415 -30000.100011038 -30000.099976742 -30000.100002552
-30000.100011911 -30000.100003021 -30000.100000197 -30000.099951495 -30000.099996696 -30000.100008276 -30000.099989291 -30000.099961432 -30000.10001354 -30000.099992796 -30000.09998821 -30000.099998955 -30000.100022949 -30000.09997389 -30000.099982425 -30000.100014339 -30000.100003247 -30000.10002415 -30000.099995027 -30000.099977876 -30000.099995919 -30000.099997763 -30000.09998481 -30000.100005873 -30000.100014367 -30000.099954887 -30000.100047522 -30000.099999546 -30000.09998711 -30000.099977296 -30000.100019945 -30000.100001907 -30000.10000739 -30000.099998612 -30000.100002317 -30000.099949634 -30000.100048433 -30000.100002596 -30000.099980987 -30000.099981402 -30000.099994722 -30000.099981103 -30000.099991427 -30000.100006438 -30000.100020363 -30000.099961327
-30000.100007146 -30000.100001332 -30000.100000749 -30000.099998384 -30000.099998139 -30000.099994059 -30000.100002622 -30000.099997118 -30000.09999853 -30000.100006118 -30000.100000009 -30000.099999339 -30000.099989518 -30000.099998551 -30000.100000467 -30000.100001514 -30000.099996502 -30000.100016257 -30000.100042962 -30000.099992167 -30000.100002717 -30000.100001863 -30000.099999299 -30000.10002087 -30000.099994881 -30000.099997733 -30000.099977607 -30000.099989778 -30000.100003768 -30000.099998529 -30000.100002336 -30000.100001057 -30000.100003474 -30000.100007941 -30000.099962578 -30000.099990354 -30000.09999032 -30000.099989339 -30000.099998675 -30000.100002978 -30000.099995092 -30000.099996622 -30000.100001557 -30000.1000184 -30000.10000133 -30000.100005884
-30000.100005366 -30000.099991521 -30000.100008202 -30000.100005205 -30000.100004988 -30000.099993621 -30000.100002934 -30000.09996998 -30000.100011818 -30000.09998148 -30000.10002765 -30000.100005364 -30000.099974295 -30000.099988493 -30000.099994747 -30000.099987945 -30000.0999918 -30000.099997237 -30000.100002037 -30000.100026262 -30000.100026101 -30000.099973194 -30000.099992985 -30000.100001082 -30000.099993438 -30000.100000393 -30000.099980688 -30000.099998257 -30000.099992956 -30000.099999664 -30000.100002797 -30000.099990276 -30000.100008043 -30000.100006576 -30000.099974426 -30000.099989189 -30000.099990584 -30000.100067273 -30000.099986486 -30000.100006038 -30000.100013986 -30000.099989224 -30000.099999301 -30000.099999144 -30000.100012979 -30000.099996125
-30000.100007039 -30000.100003181 -30000.099998255 -30000.100003417 -30000.099988682 -30000.100022018 -30000.100006266 -30000.100017248 -30000.099986116 -30000.099993893 -30000.100000132 -30000.100004431 -30000.099993608 -30000.100003155 -30000.100008783 -30000.100017629 -30000.099994349 -30000.100029038 -30000.099995048 -30000.099998915 -30000.100001879 -30000.100001901 -30000.10000913 -30000.099993568 -30000.10000047 -30000.100003288 -30000.100001805 -30000.100003649 -30000.099987717 -30000.100011145 -30000.100004797 -30000.100003062 -30000.09999852 -30000.100008906 -30000.100003669 -30000.099996599 -30000.099990784 -30000.100023264 -30000.100004926 -30000.100002478 -30000.099986902 -30000.100006133 -30000.099999949 -30000.099982285 -30000.09999694 -30000.100000276
-30000.099986453 -30000.099992528 -30000.099999481 -30000.099987117 -30000.100004815 -30000.100035595 -30000.100014403 -30000.099974484 -30000.10000746 -30000.099964379 -30000.099990135 -30000.100012987 -30000.100003563 -30000.099991708 -30000.099997439 -30000.100015376 -30000.099981759 -30000.100049052 -30000.099987009 -30000.100009453 -30000.100014986 -30000.09999632 -30000.09999977 -30000.099991979 -30000.100001159 -30000.099996076 -30000.099980872 -30000.100010318 -30000.100020992 -30000.100020413 -30000.100025506 -30000.099964697 -30000.09999908 -30000.100006189 -30000.09998349 -30000.100003899 -30000.099979822 -30000.099991747 -30000.099985574 -30000.099973443 -30000.099996113 -30000.099986665 -30000.100005566 -30000.100015041 -30000.099989102 -30000.099992398
-30000.099984813 -30000.100006617 -30000.099984951 -30000.099987667 -30000.099990921 -30000.100001255 -30000.099986587 -30000.099993051 -30000.099974441 -30000.09999043 -30000.099981673 -30000.1000037 -30000.099980802 -30000.099969421 -30000.099976393 -30000.100006774 -30000.099960252 -30000.100002775 -30000.099996654 -30000.099991049 -30000.099981261 -30000.099984506 -30000.099988295 -30000.100005505 -30000.099996611 -30000.099993683 -30000.099977821 -30000.099999021 -30000.099980071 -30000.099997201 -30000.099980726 -30000.099973579 -30000.099989481 -30000.100010347 -30000.099994916 -30000.099997161 -30000.099987209 -30000.100004527 -30000.09999023 -30000.099993978 -30000.099988899 -30000.099971409 -30000.099984879 -30000.099999335 -30000.099991616 -30000.099996364
-30000.099996051 -30000.099964911 -30000.1000088 -30000.099998574 -30000.099998357 -30000.100009637 -30000.100000003 -30000.099960783 -30000.100011371 -30000.10000148 -30000.099974714 -30000.099991084 -30000.100001925 -30000.099987011 -30000.099998776 -30000.100000545 -30000.099982725 -30000.099980306 -30000.100010615 -30000.099968654 -30000.099997477 -30000.099990012 -30000.099992288 -30000.100012439 -30000.100003309 -30000.099994596 -30000.099982336 -30000.099987367 -30000.100000865 -30000.100004901 -30000.100026162 -30000.099993032 -30000.100006979 -30000.099994972 -30000.099988872 -30000.100001953 -30000.099983374 -30000.099989981 -30000.099996873 -30000.100012028 -30000.100024817 -30000.099991214 -30000.099980087 -30000.099996349 -30000.099990339 -30000.099991458
-30000.099996162 -30000.100005644 -30000.099981978 -30000.099973917 -30000.099986417 -30000.099997675 -30000.099995663 -30000.100004887 -30000.099985934 -30000.099997331 -30000.099987393 -30000.099976529 -30000.099972735 -30000.099982431 -30000.099969086 -30000.1000106 -30000.09998409 -30000.100018385 -30000.09998591 -30000.099986719 -30000.09999134 -30000.099984209 -30000.099984175 -30000.100020805 -30000.099976587 -30000.099999099 -30000.099990184 -30000.100048722 -30000.099993356 -30000.0999756 -30000.099984829 -30000.099976665 -30000.099994758 -30000.100022728 -30000.099987625 -30000.099974816 -30000.099967125 -30000.099970756 -30000.099985204 -30000.099989214 -30000.099989553 -30000.099986507 -30000.099986245 -30000.100021828 -30000.09997817 -30000.100015013
-30000.099991095 -30000.100020998 -30000.100006852 -30000.09998924 -30000.100008163 -30000.099993729 -30000.100004172 -30000.099976128 -30000.100014505 -30000.099998845 -30000.099987851 -30000.099992759 -30000.099979977 -30000.099983547 -30000.100000697 -30000.099993692 -30000.09999813 -30000.099988164 -30000.100004239 -30000.100017627 -30000.100023131 -30000.10000082 -30000.099984372 -30000.099963313 -30000.100006129 -30000.09997082 -30000.099986289 -30000.099983929 -30000.100000918 -30000.099999707 -30000.100022346 -30000.099998076 -30000.099987009 -30000.099981825 -30000.100003824 -30000.10000556 -30000.099991532 -30000.100007594 -30000.100000928 -30000.100022443 -30000.100026136 -30000.100002664 -30000.099985457 -30000.099996255 -30000.100007609 -30000.099969943
-30000.099982814 -30000.099987616 -30000.100006663 -30000.09998602 -30000.100006224 -30000.099998329 -30000.099988695 -30000.100003624 -30000.099988685 -30000.100016716 -30000.099986545 -30000.100002492 -30000.099999599 -30000.099976901 -30000.099985422 -30000.100009096 -30000.099988612 -30000.100002523 -30000.099991719 -30000.100038701 -30000.099998681 -30000.099987465 -30000.099987241 -30000.100000815 -30000.099985567 -30000.100002969 -30000.099980652 -30000.10000413 -30000.099980524 -30000.10001117 -30000.099997701 -30000.100008478 -30000.099973798 -30000.099998286 -30000.099981904 -30000.099995375 -30000.099981053 -30000.099983572 -30000.09999431 -30000.100003213 -30000.099994125 -30000.100016321 -30000.099988325 -30000.099998728 -30000.099984514 -30000.09998705
