Test data_DRK/Large and small mount/MarsModel3TwoMountainsFar_1Topo_S20km.grd
DSAA
511 251
-5100000 5100000
-2500000 2500000
-2.8078689595645E-008 20000.000008417
[rows 108 to 125 of 251, columns 410 to 450 of 511]
-1.4756510026558E-079 6.0966834300993E-080 3.9871657837533E-080 -1.4334388733773E-080 -6.8117355058603E-081 7.4790049467589E-081 -2.1841591818302E-081 -1.019731232908E-081 5.9987218769144E-082 1.8273980709466E-082 -1.5304691087486E-082 -3.3323012405684E-084 4.4487765495529E-083 -1.6878972158388E-083 -6.4665492316013E-084 3.8930601280203E-084 1.077620817069E-084 -4.9462636912686E-085 -2.894386235544E-085 1.091154018439E-085 5.1011252524242E-086 -5.6822473188488E-086 1.6648524080028E-086 7.7799274942911E-087 -4.5841718219474E-087 -1.3918109566407E-087 1.1694224597981E-087 2.50889445567E-089 -3.3976435031572E-088 1.2896124208202E-088 4.9548628250047E-089 -2.9154898310833E-089 -1.0039605033639E-089 6.9721632684291E-090 7.7718879070549E-091 -2.3579144520914E-090 8.3440399610645E-091 3.3811215030379E-091 -2.0193465088782E-091 -5.4841175841695E-092 2.6877966907561E-092
-2.3439688408139E-077 9.9184712536706E-078 6.3167784179725E-078 -2.2995850762057E-078 -1.0913712293535E-078 1.2005790901956E-078 -3.5090472934386E-079 -1.638699293089E-079 9.6344231599661E-080 2.9366812338543E-080 -2.4589085232021E-080 -5.3379806532869E-082 7.1463693744945E-081 -2.7115619434316E-081 -1.0387367787791E-081 6.2536746404808E-082 1.7310640039624E-082 -7.9447829029297E-083 -4.6495280417869E-083 1.7527019402665E-083 8.1943721087113E-084 -9.1531867442292E-084 2.6462195270562E-084 1.2620145851889E-084 -7.353573033665E-085 -2.2536467018696E-085 1.8879907460767E-085 3.9337831853463E-087 -5.4768344500021E-086 2.0802095736038E-086 7.9852031432791E-087 -4.6996931361522E-087 -1.6187287775481E-087 1.1233565980759E-087 1.2571061085282E-088 -3.8017410600246E-088 1.3449229689965E-088 5.4373404409909E-089 -3.2707935222371E-089 -8.7873880712664E-090 4.3250827273832E-090
-3.1754085814129E-077 1.3439456068682E-077 8.5571775723003E-078 -3.1156454184392E-078 -1.4784499005707E-078 1.6265358946941E-078 -4.7541554748935E-079 -2.2201313271609E-079 1.3052773904001E-079 3.978693047242E-080 -3.3313425981054E-080 -7.2337298908303E-082 9.6820314302336E-081 -3.6736567087382E-081 -1.407297421492E-081 8.4725811912249E-082 2.3615495327136E-082 -1.0586905631523E-082 -6.3606728663511E-083 2.3664725883921E-083 1.1082966191946E-083 -1.2318432707085E-083 3.6059476126127E-084 1.6875040076446E-084 -9.9028980973268E-085 -3.0241670078466E-085 2.5316405033436E-085 5.4124922584047E-087 -7.3522715308754E-086 2.7906677124794E-086 1.0719942847762E-086 -6.308522578932E-087 -2.1723091321047E-087 1.508435211952E-087 1.6829193703321E-088 -5.1022021714183E-088 1.8054121682832E-088 7.2976216825422E-089 -4.3898642975153E-089 -1.188038851164E-089 5.7113545989747E-090
-1.8226534107428E-076 7.521093765814E-077 4.9258313547965E-077 -1.7689800732992E-077 -8.4164999007514E-078 9.2343999432234E-078 -2.6962070531722E-078 -1.2589441346468E-078 7.4061521920162E-079 2.255877667371E-079 -1.8895868998677E-079 -4.104330611036E-081 5.4921525808897E-080 -2.0838549136447E-080 -7.9832587857807E-081 4.8061619295805E-081 1.3396351014628E-081 -6.0059281292881E-082 -3.6081597538143E-082 1.3424887197263E-082 6.2868124262137E-083 -6.9879458470843E-083 2.0455949851685E-083 9.5728456709777E-084 -5.6176943497541E-084 -1.7155550600982E-084 1.4361403595223E-084 3.070923164743E-086 -4.1707998392068E-085 1.5830860194549E-085 6.0619758281528E-086 -3.5995889305571E-086 -1.2250488708998E-086 8.5666443506417E-087 9.5690923376842E-088 -2.9000070492091E-087 1.0262019255753E-087 4.160233630901E-088 -2.484000877405E-088 -6.7470491161249E-089 3.3080515244269E-089
-1.1929838177788E-075 4.8990631321486E-076 3.2061055206764E-076 -1.1595098228458E-076 -5.4524771121626E-077 6.0373328790132E-077 -1.7423497155284E-077 -8.2638571410442E-078 4.8563209184691E-078 1.4734768562177E-078 -1.2396594910061E-078 -2.7297102131043E-080 3.606291261234E-079 -1.3682880851442E-079 -5.2427019535284E-080 3.1559062907263E-080 8.7964804764728E-081 -3.9446175827847E-081 -2.3692150940679E-081 8.8165298697428E-082 4.1283074853214E-082 -4.5890406947815E-082 1.3433870301026E-082 6.2764244065236E-083 -3.7003523061756E-083 -1.1227782731861E-083 9.436473441717E-084 2.0288836129217E-085 -2.742045339863E-084 1.0407210386672E-084 3.9862742048387E-085 -2.366660135947E-085 -8.0546421758855E-086 5.6334053134026E-086 6.285099803277E-087 -1.9066150289586E-086 6.7474161858214E-087 2.7351830580344E-087 -1.6331370716521E-087 -4.4360969856335E-088 2.1747851273535E-088
-6.6170404995689E-076 2.7886364751211E-076 1.7732664488496E-076 -6.5008028460092E-077 -3.0520057788368E-077 3.3769825355905E-077 -9.8908848612625E-078 -4.6035221775002E-078 2.7193672248665E-078 8.2427850225846E-079 -6.9194370667654E-079 -1.5540104265143E-080 2.0144606416606E-079 -7.6388244288813E-080 -2.9375976414702E-080 1.7526008155458E-080 4.9140164615946E-081 -2.2469467832671E-081 -1.3134027728373E-081 4.9803249997754E-082 2.307273676451E-082 -2.5827162301054E-082 7.5803456655275E-083 3.5430223861462E-083 -2.0780868605327E-083 -6.3548999356241E-084 5.3118862175496E-084 1.1617187423922E-085 -1.5439592571568E-084 5.8578612453496E-085 2.2508389053074E-085 -1.3246086401706E-085 -4.5602351524868E-086 3.1676270140387E-086 3.5286390417983E-087 -1.0711477685475E-086 3.7906967189084E-087 1.5359999856775E-087 -9.1735759040518E-088 -2.4914171453349E-088 1.2210055182035E-088
-2.3741278117921E-075 1.0042788879947E-075 6.3985144094153E-076 -2.3285594440438E-076 -1.1055637257908E-076 1.2194456682529E-076 -3.5150226206353E-077 -1.670417209716E-077 9.809833009147E-078 2.9756857703743E-078 -2.5064440197017E-078 -5.3406264486352E-080 7.2816038408108E-079 -2.764518290596E-079 -1.058680238038E-079 6.3730858086323E-080 1.7768076077637E-080 -7.9622981674067E-081 -4.7855178278601E-081 1.7804394664804E-081 8.3364532010908E-082 -9.2666815304298E-082 2.7127329019958E-082 1.2673565364607E-082 -7.4720463659296E-083 -2.2671823306202E-083 1.9054395288729E-083 4.0992149916155E-085 -5.5369551671093E-084 2.1014815374943E-084 8.0749047010552E-085 -4.7512233531362E-085 -1.6360709077888E-085 1.136273163099E-085 1.2661111781146E-086 -3.8424893040983E-086 1.359797841577E-086 5.509950119518E-087 -3.2907738649925E-087 -8.9371616324131E-088 4.3800154823087E-088
-1.622073969462E-075 6.6958654117611E-076 4.383486919771E-076 -1.5747098841553E-076 -7.4895965245443E-077 8.2190936627325E-077 -2.3999151370994E-077 -1.1187229296081E-077 6.6119385847803E-078 2.001030569227E-078 -1.6827717207891E-078 -3.6769141976479E-080 4.8938820239666E-079 -1.8567288851998E-079 -7.1377370006096E-080 4.2583174830396E-080 1.2028885782272E-080 -5.3645283979115E-081 -3.2243658077727E-081 1.2059510576555E-081 5.5956696894352E-082 -6.2501327877064E-082 1.8328109034348E-082 8.5501741577384E-083 -5.0414516922674E-083 -1.5307656496063E-083 1.2849921635685E-083 2.8334486822786E-085 -3.7376966265205E-084 1.4179259041175E-084 5.4503279389929E-085 -3.2069073645612E-085 -1.1040354359765E-085 7.6706342005212E-086 8.5310707247879E-087 -2.5930923545832E-086 9.1778854862933E-087 3.7184939766165E-087 -2.220838555971E-087 -6.0767814465228E-088 2.9068472882481E-088
-1.4249097162981E-074 5.8459597766905E-075 3.8301351577242E-075 -1.3839258283806E-075 -6.5149419669162E-076 7.1882123859472E-076 -2.1030363128503E-076 -9.8028042390257E-077 5.7672986784648E-077 1.7582264945633E-077 -1.4706239309101E-077 -3.288237755011E-079 4.2794205371759E-078 -1.6228034362083E-078 -6.219670921089E-079 3.7443918277542E-079 1.0434405393858E-079 -4.6807177503609E-080 -2.8104707043861E-080 1.0458445575907E-080 4.8981834987993E-081 -5.4443192146146E-081 1.5936949391652E-081 7.4462752884246E-082 -4.3899976293138E-082 -1.3320194722955E-082 1.1195426917503E-082 2.405104635199E-084 -3.2530538702111E-083 1.2346895450777E-083 4.7291707925668E-084 -2.8077228088782E-084 -9.5558123727374E-085 6.6832358606765E-085 7.4568608270683E-086 -2.2619539243297E-085 8.0049029742505E-086 3.2449400210304E-086 -1.9375053848955E-086 -5.2628420809045E-087 2.5801076183347E-087
1.2717679839841E-074 -5.3566443360624E-075 -3.4083365423922E-075 1.2490190152184E-075 5.8659602100433E-076 -6.5079339873373E-076 1.8799905437502E-076 8.935485650096E-077 -5.2183459407247E-077 -1.5968549140582E-077 1.3365798422703E-077 2.9147273121647E-079 -3.8848883187407E-078 1.4741997649211E-078 5.6638914452183E-079 -3.3798555218918E-079 -9.5461113842602E-080 4.2551760361308E-080 2.5592365588908E-080 -9.5662175489715E-081 -4.4422092499868E-081 4.9595866114757E-081 -1.4541677427836E-081 -6.795522808283E-082 3.9882195195499E-082 1.2187625173221E-082 -1.0190897076189E-082 -2.2316880047322E-084 2.9624146713513E-083 -1.1239150346338E-083 -4.3188757513954E-084 2.5415673438622E-084 8.7498101734949E-085 -6.0780796945959E-085 -6.768788329533E-086 2.055220235503E-085 -7.2734121789298E-086 -2.9471463881149E-086 1.760149283189E-086 4.8160179196099E-087 -2.3040085113954E-087
-1.8074959542118E-074 7.4225040776748E-075 4.8577862972652E-075 -1.7566281046965E-075 -8.2622047819493E-076 9.1473643406847E-076 -2.6397819354609E-076 -1.2520764434432E-076 7.3579094063969E-077 2.2324566315482E-077 -1.8782537885531E-077 -4.1335174332592E-079 5.4638986779674E-078 -2.0731187685537E-078 -7.9432474229608E-079 4.7815324579328E-079 1.3327661545984E-079 -5.9764731075015E-080 -3.589626509446E-080 1.3357992968837E-080 6.2548171308467E-081 -6.9528793921462E-081 2.0353734524909E-081 9.50943783051E-082 -5.6064220405366E-082 -1.70112681842E-082 1.4297240450126E-082 3.074011810389E-084 -4.154486727783E-083 1.5768012763232E-083 6.0396239548395E-084 -3.585738491481E-084 -1.2203626849188E-084 8.5352012112711E-085 9.5225760253662E-086 -2.8887216030535E-085 1.0223043625839E-085 4.1440890866704E-086 -2.4743738800956E-086 -6.7211522739395E-087 3.2950273098404E-087
-3.5622310842808E-074 1.4704487006413E-074 9.6268376680282E-075 -3.457993107114E-075 -1.6449378621092E-075 1.8050077688894E-075 -5.2703418233308E-076 -2.4568312215989E-076 1.4520487725673E-076 4.3944124988739E-077 -3.6955640008846E-077 -8.071729958842E-079 1.0747368250982E-077 -4.0775605944886E-078 -1.5675087137177E-078 9.3516324293862E-079 2.6416561634253E-079 -1.1780914655936E-079 -7.081006421599E-080 2.6483755667466E-080 1.2288565858037E-080 -1.3725828791392E-080 4.0250115258398E-081 1.8776910186109E-081 -1.1071460036699E-081 -3.3616925271057E-082 2.8219519445067E-082 6.2225547096006E-084 -8.2083026866392E-083 3.1138864112814E-083 1.1969387751205E-083 -7.0426435996201E-084 -2.4245562809006E-084 1.68453718252E-084 1.8734948747466E-085 -5.6946527938062E-085 2.0155423505849E-085 8.1661312089601E-086 -4.8771516517022E-086 -1.3246356653708E-086 6.4909763394256E-087
3.0199381073785E-075 -1.2723924523518E-075 -8.0929323978157E-076 2.966642087242E-076 1.3927722600444E-076 -1.5410592345563E-076 4.5136333420378E-077 2.1007540441528E-077 -1.240955575417E-077 -3.7614968176178E-078 3.1575882658749E-078 7.0927613221211E-080 -9.192781377053E-079 3.4858851705177E-079 1.3363176600899E-079 -8.0439461151034E-080 -2.2417136764589E-080 1.0058174395013E-080 9.70155289437E-010 -4.6771120310041E-010 -6.7287952987272E-010 -5.1648951782113E-010 -4.8824533305236E-010 1.5975455927352E-009 -2.2368043698664E-011 -3.0072447644144E-010 3.0797696629042E-010 -1.0269555772483E-009 -3.1610696389392E-011 -2.6231889605453E-011 2.3017367014542E-011 -8.3062395618447E-012 -3.6242245746743E-012 4.7114169906313E-012 -5.330369540507E-013 -1.0208455907388E-012 4.625535799257E-013 1.5127136284516E-013 -9.2320425612112E-014 -2.7272552307753E-014 9.940008842109E-015
5.1271076569854E-078 -3.3958740182507E-079 -1.1848503876774E-078 1.9097834195414E-079 1.6116543740035E-079 -7.3136548435818E-080 -1.3547012027835E-080 2.2719475730153E-080 1.3549055097322E-081 -5.7296736856161E-081 -1.1073624596096E-082 7.8830940688845E-082 -1.3034109786767E-082 -8.0134491866673E-083 3.8560921815109E-083 1.9953771131416E-083 -1.3589092006463E-083 1.0870020439313E-009 -2.7627301335542E-008 0.99999987113961 0.99999994633475 0.99999998419115 -5.4199773558139E-009 6.4887952788695E-009 -2.2340500872853E-009 -9.2081976592329E-010 -4.8609533766813E-010 3.2507529215215E-010 -4.8325896841999E-011 1.2883327666078E-009 5.0223074466653E-011 -7.3248270797439E-011 -7.0086018169321E-012 -1.7239018437653E-011 7.361470701228E-012 6.0326190040056E-013 -1.272226859174E-012 -1.8742775317242E-013 3.7746898772647E-013 -9.612449736547E-015 -3.8508659740631E-014
1.5992776603979E-078 -9.9221879781864E-080 -3.7139082248792E-079 5.8435881736205E-080 5.0219075074447E-080 -2.2535216984965E-080 -4.3083771807068E-081 7.0285707837746E-081 4.3668449678627E-082 -1.770630807999E-081 -3.6992102481534E-083 2.4367340458729E-082 -3.9725045825826E-083 -2.4820945635638E-083 1.1738633511446E-083 6.2063060971195E-084 -9.5161212243511E-011 3.310583451821E-008 11.999999800904 86.999999904688 158.0000002987 87.000000350801 11.999999916085 6.1981658916466E-008 6.1966892728194E-008 6.4255885057207E-009 -4.5909967147373E-010 1.8575607847394E-009 5.9860130569918E-010 1.7362710534219E-011 -6.477476494978E-010 8.8253060872828E-010 2.6255356823433E-010 -3.2899773377338E-010 -3.7033932214471E-011 9.7326159126469E-011 -4.5412047054262E-013 -2.8046327698093E-011 2.7482420274781E-012 7.1336475425144E-012 -9.7024255190541E-013
8.897432935375E-078 -6.1607508910514E-079 -2.0574387420687E-078 3.3602858020522E-079 2.7995902013945E-079 -1.2831858727687E-079 -2.3900785651532E-080 4.0019143128218E-080 2.2974343071695E-081 -1.0050157134641E-080 -1.7306892811696E-082 1.3868694934106E-081 -2.3532863724679E-082 -1.4075156212584E-082 6.9666152343516E-083 1.2676917293675E-009 3.9689851405456E-010 12.000000160728 276.99999931 1196.0000005332 1797.0000017177 1195.9999987226 276.99999972342 11.999999763604 2.3823009875912E-007 2.4612978322125E-008 1.7910195548865E-009 4.0805048348202E-009 -6.1077998358482E-010 -1.4565689349032E-009 2.8155356216023E-011 -4.8574270053612E-010 3.5000058853945E-010 7.5157788541237E-012 -1.9744583862293E-011 1.8712476265599E-011 2.1283582651712E-012 -2.1479067273119E-012 -1.7438119243431E-012 1.2673633427423E-012 -1.9744810912461E-013
8.5065618722436E-078 -4.7393660765752E-079 -1.9753898230661E-078 3.0325055630602E-079 2.6663899028773E-079 -1.1769336991471E-079 -2.255993053279E-080 3.6580581223422E-080 2.4380904960251E-081 -9.2755787900898E-081 -2.3050433591339E-082 1.2696159948422E-081 -1.9673452842834E-082 -1.2973591503469E-082 5.8028651319754E-083 1.0661409532986E-009 1.0000000037757 87.00000031004 1196.0000024832 3482.000002151 4399.9999984397 3482.000000586 1195.9999996253 87.000001401625 1.0000002172201 3.0520412863666E-009 -2.2081235950822E-008 1.507622906724E-010 -9.6077105226656E-010 1.904094914197E-010 -1.3299753134162E-009 1.3101611312542E-009 2.3877593310876E-010 -1.7037134786377E-010 -1.1323150068313E-010 6.297747062857E-011 5.8722552532062E-012 -1.9070777991968E-011 1.3186523636309E-012 4.6719399368123E-012 -4.2437642250267E-013
8.5585216956534E-078 -4.7814230048085E-079 -1.990879961228E-078 3.0440662957647E-079 2.6827353815837E-079 -1.1813153268088E-079 -2.2694055507509E-080 3.6698038389555E-080 2.4351884355393E-081 -9.2966452966214E-081 -2.2819007167922E-082 1.2741444112711E-081 -1.9854401534322E-082 -1.3020125519424E-082 5.8681086267434E-083 -2.1265478267196E-009 0.99999999758857 157.99999982751 1796.9999997462 4399.9999995454 5000.0000030846 4399.9999988999 1796.9999983979 158.00000038654 1.0000003338103 1.5811471421046E-007 -1.6833172633568E-008 -4.6386687026223E-010 -1.1352103916623E-009 2.576453231814E-010 -1.2965888866697E-009 1.3681713973246E-009 1.9339943082533E-010 -1.7918238533258E-010 -1.1337096215438E-010 6.6141479538263E-011 6.0799421908344E-012 -2.0167203293559E-011 1.4271901342253E-012 4.9295934633314E-012 -4.4693110507832E-013
