Test data_DRK/Large and small mount/MarsModel3TwoMountainsFar_1Topo_S20km.grd
DSAA
511 251
-5100000 5100000
-2500000 2500000
-2.8078689595645E-008 20000.000008417
[rows 126 to 143 of 251, columns 328 to 368 of 511]
-2.4415617289328E-051 2.8303009597734E-052 7.686928504054E-052 -1.8223771939186E-052 -9.1853789009598E-053 2.1981306264159E-053 1.3667473755615E-053 -7.2272885897059E-054 -2.5925244030338E-054 1.0281161438118E-054 3.7055936139058E-055 -1.2271799676148E-055 -8.4064204302662E-056 7.3431066081449E-056 6.2914427101548E-057 -1.6736794250357E-056 -3.2748545820756E-057 4.154318290899E-057 1.9239024237676E-058 -7.4629983372289E-058 -1.6904231364851E-059 2.2465153564573E-058 -2.3099802495468E-059 -4.5405911982915E-059 2.9049009899303E-060 9.7259362771782E-060 -7.989036923679E-061 -1.808526493627E-060 3.3893051587694E-061 3.4361131952863E-061 -1.451387362936E-061 -8.7003317491086E-062 3.2249899730012E-062 7.6190408904241E-063 -4.7360940181978E-063 -2.3773578200333E-063 2.786569687062E-063 1.0748129218459E-064 -5.9596748922964E-064 -9.8928021052692E-065 1.540842131298E-064
-4.4799667455418E-052 5.3341905248649E-053 1.4077589321116E-052 -3.3751137947698E-053 -1.682750273041E-053 4.1025379504412E-054 2.4941172026186E-054 -1.3403983960084E-054 -4.7469252020456E-055 1.9199720803877E-055 6.7577327041406E-056 -2.3167866781045E-056 -1.5313246908854E-056 1.3623264824157E-056 1.1225237283546E-057 -3.076814442864E-057 -5.9122675042531E-058 7.6524013271096E-058 3.3044784811782E-059 -1.3777686196664E-058 -2.5740037223856E-060 4.1249210338563E-059 -4.3922661326863E-060 -8.3415674065178E-060 5.886744799951E-061 1.7823265280592E-060 -1.5701632685324E-061 -3.3181887449605E-061 6.439528563305E-062 6.2338570156158E-062 -2.729374738905E-062 -1.6026066175659E-062 6.1104274599207E-063 1.3754926719426E-063 -9.0740593505273E-064 -4.3396909329367E-064 5.2384535004683E-064 1.6854209042968E-065 -1.1264186555773E-064 -1.7508884953887E-065 2.892460767552E-065
-1.4299069007377E-051 1.7124671241859E-052 4.491402304993E-052 -1.0794267974725E-052 -5.368958601201E-053 1.3143086273758E-053 8.0085547311358E-054 -4.2062789397624E-054 -1.5317372384595E-054 6.0677040803201E-055 2.1754527223878E-055 -7.3507566587281E-056 -4.9481018054763E-056 4.3556473738241E-056 3.6508214060328E-057 -9.925339578321E-057 -1.9123404042772E-057 2.4592795274437E-057 1.1006798238348E-058 -4.419062478652E-058 -9.026583306083E-060 1.3259713549628E-058 -1.3677322917706E-059 -2.6484104541259E-059 1.7399234598164E-060 5.7021217958174E-060 -4.8099461516916E-061 -1.0636871152091E-060 2.0101787511343E-061 2.0146284994973E-061 -8.5907086308144E-062 -5.0992331953587E-062 1.9073280567051E-062 4.4330570898726E-063 -2.805277268551E-063 -1.3879472901995E-063 1.6421496471061E-063 6.0585402132701E-065 -3.5095835907612E-064 -5.7460301581297E-065 9.0698541214863E-065
-9.1899909003326E-053 8.5650024565759E-054 2.9331036242803E-053 -6.3978964002065E-054 -3.49745278212E-054 7.2478511048371E-055 5.3501504458364E-055 -2.5289663988667E-055 -1.0248900535302E-055 3.4653878830061E-056 1.5040565753873E-056 -3.8285794757002E-057 -3.4613292209319E-057 2.6513942123684E-057 3.210427404715E-058 -6.0961631095887E-058 -1.4949338281126E-058 1.5413078494272E-058 1.1797574638378E-059 -2.7491825323696E-059 -1.7240546171305E-060 8.6889248392775E-060 -5.9793585079361E-061 -1.7203384589474E-060 1.3803051003208E-062 3.7898835815659E-061 -1.2427141741693E-062 -6.9958036088526E-062 9.2900131945119E-063 1.4421967078259E-062 -4.7257643664859E-063 -3.6667316849078E-063 1.0375150078534E-063 3.8695938667262E-064 -1.4078485786749E-064 -1.1119238913857E-064 1.0015695558437E-064 9.3105943411439E-066 -2.189183166971E-065 -5.2390280489221E-066 5.7522577683111E-066
-8.5718089070356E-050 3.1470540355175E-050 8.422323316549E-051 -8.7157860074263E-051 -1.9617295218279E-051 2.4935597701918E-051 -8.236438355856E-052 -2.0694616841708E-052 8.6183654802312E-053 1.8562816068147E-052 -9.9339054919096E-053 -7.4861851914679E-054 -1.5460025069571E-054 5.8145386027463E-054 -2.2928463679305E-054 2.0625109607098E-055 -2.9779060769142E-055 7.3745344732422E-055 -2.5344987472274E-055 -7.5850122675828E-056 -1.5095678114794E-056 3.3448002678435E-056 -1.3317459971741E-056 -5.4503449751858E-058 8.5938826113649E-059 3.2873179976127E-057 -1.4576890514647E-057 -2.3448778385455E-058 -4.7408353576976E-059 1.2675600796025E-058 -5.3525499105291E-059 -1.3454423319091E-060 -1.268429887028E-059 6.9676617716635E-060 8.486082847507E-061 1.2085853382054E-061 -5.5483132631176E-061 2.4259420428967E-061 -2.2664787130517E-062 1.9730280511125E-062 -6.6209285766489E-062
3.0480221166952E-051 -1.1324018549036E-051 -2.9475443489553E-052 3.1092683957836E-052 6.99466864412E-053 -8.9181219774004E-053 2.9199897706939E-053 6.9724923158789E-054 -3.0034783527177E-054 -6.6330502901747E-054 3.5364126266526E-054 2.7315481434E-055 5.6125278340878E-056 -2.0926297182533E-055 8.1913490057292E-056 -8.1112945395932E-057 1.0676634959974E-056 -2.6403029422296E-056 9.0796342353107E-057 2.7171544072841E-057 5.4022576531629E-058 -1.1983633619915E-057 4.8122738714176E-058 2.4379006456465E-059 -3.8797736558263E-060 -1.180333111185E-058 5.2474969876951E-059 8.3604486427446E-060 1.6931440619115E-060 -4.5353896363699E-060 1.9156404875047E-060 4.7257663460092E-062 4.549787925768E-061 -2.4959870494522E-061 -3.0506429652868E-062 -4.3546184614359E-063 1.9910336902083E-062 -8.7022025792073E-063 8.3303284682121E-064 -6.6868996068624E-064 2.3670980392219E-063
-1.8842847043339E-049 6.9433109327771E-050 1.8436888992414E-050 -1.9179816597476E-050 -4.3164817073572E-051 5.4912995517911E-051 -1.7962047768024E-051 -4.3106542574417E-052 1.8581181171432E-052 4.0778722224324E-052 -2.1765804921766E-052 -1.6708842168352E-053 -3.434707547507E-054 1.2845343796259E-053 -5.0678008889863E-054 4.4958478508549E-055 -6.501851577355E-055 1.6248776855543E-054 -5.5984276755532E-055 -1.6670088482763E-055 -3.3173349984016E-056 7.3603690194411E-056 -2.9322610234823E-056 -1.118558438549E-057 2.9769116178204E-058 7.2154288074964E-057 -3.225249840352E-057 -5.1214860623213E-058 -1.0098599256948E-058 2.7642401185685E-058 -1.1757711493493E-058 -2.645010617369E-060 -2.767982355426E-059 1.5147683992085E-059 1.8726861175208E-060 2.6757370288931E-061 -1.2160007436411E-060 5.2771888948919E-061 -5.5289668436374E-062 4.115019886107E-062 -1.4406997566543E-061
7.5679539296948E-050 -2.7784709718849E-050 -7.4360688161111E-051 7.6950483513314E-051 1.7319848655508E-051 -2.2015252418437E-051 7.1981803462431E-052 1.7441626567733E-052 -7.2573738243131E-053 -1.6379903374181E-052 8.6944349354098E-053 6.7620132179248E-054 1.4369548083356E-054 -5.1906127602163E-054 2.0458171015138E-054 -1.7311663612072E-055 2.5638523755646E-055 -6.5364512898567E-055 2.2636810406844E-055 6.668500436757E-056 1.3272378613232E-056 -2.9523170006627E-056 1.1773821955913E-056 4.7017459076608E-058 -7.1553268829783E-059 -2.9066570760155E-057 1.2880104025184E-057 2.0765553754092E-058 4.1976599220342E-059 -1.1187910107513E-058 4.8069066151601E-059 1.6890182830169E-060 1.1088050483759E-059 -6.2267727952657E-060 -7.3126331541247E-061 -9.0242903202733E-062 4.7843272631161E-061 -2.103216388276E-061 2.2546448670158E-062 -1.7627796058462E-062 5.7620697031583E-062
-1.2814693587915E-049 4.7796946907419E-050 1.2319766902706E-050 -1.3085649234266E-050 -2.943154810189E-051 3.7565786383449E-051 -1.2431309737371E-051 -3.1177177389323E-052 1.2519626940484E-052 2.8118137806879E-052 -1.4926245637895E-052 -1.1557496615414E-053 -2.4645905303602E-054 8.8915311463392E-054 -3.4749681206747E-054 3.2195669785136E-055 -4.6098027308736E-055 1.1215133438754E-054 -3.8381077371966E-055 -1.152221352969E-055 -2.3263638936727E-056 5.1047676351831E-056 -2.0203986081638E-056 -8.4681711720902E-058 1.0270648441592E-058 5.0194631286567E-057 -2.2183594465914E-057 -3.6005272972653E-058 -7.2843178483853E-059 1.9394550740012E-058 -8.2396165637869E-059 -3.0774038214848E-060 -1.9172110215045E-059 1.0795547301277E-059 1.2529458714464E-060 1.5410460248723E-061 -8.2428574320004E-061 3.624629746085E-061 -3.9203320642425E-062 3.0677271074616E-062 -9.9451663060813E-062
7.6878199040326E-051 -2.8224787726322E-051 -7.5538437543178E-052 7.8169278256773E-052 1.7594172191218E-052 -2.2363946208276E-052 7.3869918357753E-053 1.8560425161303E-053 -7.7295774808286E-054 -1.6648371669181E-053 8.9094001095814E-054 6.7140722806155E-055 1.3865510991396E-055 -5.2148571336677E-055 2.0404821885355E-055 -2.0572352540008E-056 2.702368391173E-056 -6.6031382335673E-056 2.2631912291425E-056 6.8183469798095E-057 1.3557852262042E-057 -3.0033929526723E-057 1.1935200621657E-057 4.6421656146443E-059 -1.2297639714895E-059 -2.9393433322033E-058 1.3141251811187E-058 2.085152638997E-059 4.1118010940745E-060 -1.1257009164212E-059 4.7882669958312E-060 1.0756567437614E-061 1.1274326789557E-060 -6.1692725276857E-061 -7.6287947078644E-062 -1.0901967780657E-062 4.9530591215012E-062 -2.16461370722E-062 2.0536445930287E-063 -1.6456680901047E-063 5.8784014018427E-063
-2.1144843668512E-051 7.811405615115E-052 2.0669212455562E-052 -2.1543555766843E-052 -4.8488085873152E-053 6.1702825757059E-053 -2.0187887039052E-053 -4.8769190610063E-054 2.028876947546E-054 4.594855113131E-054 -2.4375038815313E-054 -1.9018809005412E-055 -4.0402398907199E-056 1.4572583176563E-055 -5.7433929956136E-056 4.6842159779508E-057 -7.4317503073072E-057 1.839229605967E-056 -6.318392652527E-057 -1.8801668626199E-057 -3.7993671380085E-058 8.347445249355E-058 -3.3047160408354E-058 -1.3735142079734E-059 1.5802757697442E-060 8.2158686145802E-059 -3.6287344005797E-059 -5.9005636420626E-060 -1.1937450412949E-060 3.1683371505832E-060 -1.3592877121532E-060 -4.9048303946714E-062 -3.1328663003565E-061 1.762833830288E-061 2.0570099438861E-062 2.5278553332933E-063 -1.3500238291862E-062 5.9376666065632E-063 -6.2410650658351E-064 5.2601709206711E-064 -1.6327998121808E-063
-1.3475083388475E-051 4.9870874835277E-052 1.3051835578667E-052 -1.3726136700211E-052 -3.087536320323E-053 3.9348028573222E-053 -1.3010233941869E-053 -3.251696638947E-054 1.3526465467384E-054 2.9344085428894E-054 -1.5682777731257E-054 -1.1904618578718E-055 -2.457176940266E-056 9.2080645935517E-056 -3.6025264273169E-056 3.6087926259815E-057 -4.7497820024678E-057 1.1646810309068E-056 -3.9957036539462E-057 -1.2014408642165E-057 -2.3889667667729E-058 5.2947727090269E-058 -2.1212209193128E-058 -1.0864368253807E-059 1.6824035452074E-060 5.2106194916195E-059 -2.3155788988873E-059 -3.692675932696E-060 -7.4804666455932E-061 1.997419594063E-060 -8.5222682083934E-061 -1.9963383019855E-062 -2.0049140698334E-061 1.0988923905297E-061 1.3508131714568E-062 1.9265875182339E-063 -8.7941882407053E-063 3.8443160993293E-063 -3.6685685667776E-064 2.9385497544072E-064 -1.044688585528E-063
-2.864144356219E-051 1.0622778385459E-051 2.783502875198E-052 -2.9211563997165E-052 -6.5732612126647E-053 8.3738704192215E-053 -2.7410747231707E-053 -6.6057052055552E-054 2.7468050310653E-054 6.240619748792E-054 -3.3087021067903E-054 -2.5894079511229E-055 -5.4992997073086E-056 1.98069844954E-055 -7.7456474473375E-056 7.3511050493988E-057 -9.8631222236851E-057 2.4878302367773E-056 -8.599493790026E-057 -2.5459767343451E-057 -5.0626756094261E-058 1.1264288442791E-057 -4.5190282550849E-058 -2.1605531414081E-059 5.1307536260286E-060 1.1069149332152E-058 -4.9561600750476E-059 -7.8144816528256E-060 -1.5434082149643E-060 4.2175272062513E-060 -1.8127499336855E-060 -3.7861156320643E-062 -4.2344695563584E-061 2.3126930895867E-061 2.8838694285315E-062 4.124580776763E-063 -1.8652926661365E-062 8.0937798469679E-063 -8.4271892325571E-064 6.2635730731655E-064 -2.2071475659219E-063
9.7792658340466E-052 -3.5950633220641E-052 -9.594517275711E-053 9.9473398647232E-053 2.2388406466812E-053 -2.8466448289644E-053 9.4040898790478E-054 2.3782376885078E-054 -9.56692832312E-055 -2.124931699648E-054 1.1302306461247E-054 8.6579883229511E-056 1.8481633378769E-056 -6.7015185674211E-056 2.639910512785E-056 -2.1851265603655E-057 3.4573967143279E-057 -8.4802314323932E-057 2.9060090951531E-057 8.6910207482592E-058 1.7563170548203E-058 -3.8519247416616E-058 1.5392629908338E-058 7.5779320640367E-060 -1.609878731938E-060 -3.7871188545625E-059 1.6916742556136E-059 2.6836618798373E-060 5.3050134147222E-061 -1.4485940361727E-060 6.2002193687136E-061 2.1193872383583E-062 1.4366446730999E-061 -8.048454650058E-062 -9.5201803995828E-063 -1.181703082142E-063 6.2072139895653E-063 -2.7079999244762E-063 3.1479497914951E-064 -2.3095499116433E-064 7.4537099466852E-064
1.5695149096139E-051 -5.8304496059677E-052 -1.5136044501415E-052 1.6005128659524E-052 3.5997733420545E-053 -4.5915350895116E-053 1.5188052529115E-053 3.8160359941865E-054 -1.5325650357731E-054 -3.4349480707161E-054 1.8240589019101E-054 1.4096019932233E-055 3.0065637865039E-056 -1.085654244811E-055 4.2761079280062E-056 -3.5064506253918E-057 5.5698294139537E-057 -1.3720214295485E-056 4.7071016880351E-057 1.4044085702577E-057 2.8381257716655E-058 -6.2309409322034E-058 2.4660927134526E-058 1.0294258267736E-059 -1.1939910931385E-060 -6.1309853259899E-059 2.7081782175119E-059 4.40215511233E-060 8.906279801189E-061 -2.3640539857194E-060 1.014258655075E-060 3.6575392811596E-062 2.3377981386209E-061 -1.3153820504554E-061 -1.5351441591926E-062 -1.8867931838547E-063 1.007438710995E-062 -4.4308403805803E-063 4.7797190572401E-064 -3.732405445423E-064 1.2145546610783E-063
-4.8007757142967E-053 1.7663028270549E-053 4.7071679688283E-054 -4.8846116875377E-054 -1.0993758943269E-054 1.3980308579189E-054 -4.6188805829855E-055 -1.1676576412081E-055 4.6970134508925E-056 1.0437001701083E-055 -5.5509353648001E-056 -4.2539521914163E-057 -9.0802278542421E-058 3.2919172134746E-057 -1.2967702516653E-057 1.0729208589896E-058 -1.6979023689082E-058 4.1654056520479E-058 -1.4274799230001E-058 -4.2687017018113E-059 -8.6263712108116E-060 1.8928085331144E-059 -7.4898504006872E-060 -2.9524215235911E-061 6.5472147364962E-062 1.8562027739744E-060 -8.2678618302774E-061 -1.3253734168505E-061 -2.6157119106395E-062 7.1264522449535E-062 -3.0491920388165E-062 -1.0589193630587E-063 -7.0482178191181E-063 3.9546682876407E-063 4.6581585750037E-064 5.759869944827E-065 -3.0434651597134E-064 1.328378883625E-064 -1.5512779736214E-065 1.1367265258458E-065 -3.6572795276578E-065
-7.0592765950135E-053 2.606494659626E-053 6.887529524528E-054 -7.1893569127474E-054 -1.6178269020182E-054 2.0592693966714E-054 -6.8063709466223E-055 -1.7048027165831E-055 7.0968838525858E-056 1.5345066911137E-055 -8.2061368257469E-056 -6.2084409950018E-057 -1.2817253159341E-057 4.8113240462946E-057 -1.8824820359533E-057 1.8382188864747E-058 -2.5700438508635E-058 6.1053100856991E-058 -2.0757571482314E-058 -6.3161343962447E-059 -1.2749955155965E-059 2.7877405425345E-059 -1.1039359358853E-059 -4.6930344421284E-061 6.2401746503037E-062 2.7380543585231E-060 -1.2115355391447E-060 -1.9595713690797E-061 -3.9640856943428E-062 1.0542938599134E-061 -4.5261638859315E-062 -1.6120141267984E-063 -1.0439488514335E-062 5.8680405957943E-063 6.8696968400285E-064 8.4619885657153E-065 -4.5014059283703E-064 1.9655001323814E-064 -2.2528439208361E-065 1.7763634489475E-065 -5.4319572299142E-065
4.7429415659514E-053 -1.0531206307432E-053 -8.8076392126524E-054 3.4378395685895E-054 1.3528240853722E-054 -7.9038824705998E-055 -2.839691624412E-056 2.9201996681193E-055 -9.4026732021538E-057 -8.4537276258709E-056 4.3152879245027E-056 7.8911463480764E-057 2.100076471851E-057 -2.9073311983654E-057 1.8954141005839E-057 -3.1770057731707E-060 -4.8139622119279E-058 -3.5279650695807E-058 1.796962899374E-058 1.3919744436344E-059 -6.8219782030906E-061 -7.4121877741014E-060 9.6016385660197E-060 -1.4126047227278E-060 -2.6416465065601E-060 -7.8778290839796E-061 5.7453658197043E-061 -3.9651079430994E-062 -3.3856312045437E-062 -2.0176538578958E-064 2.8006697911733E-062 -1.464471068732E-062 2.0843668641474E-063 3.8189781296136E-063 -9.3232528638361E-064 -3.3794494583415E-064 2.1823293019728E-064 3.1451550106134E-065 -8.8660645055887E-065 -1.5742420754004E-066 2.1177690421123E-065
