Test data_DRK/Large and small mount/MarsModel3TwoMountainsFar_1Topo_S20km.grd
DSAA
511 251
-5100000 5100000
-2500000 2500000
-2.8078689595645E-008 20000.000008417
[rows 108 to 125 of 251, columns 287 to 327 of 511]
-4.0785552101782E-042 1.2090809139782E-042 1.0509245848806E-042 -3.1388306215605E-043 -2.7767560406365E-043 7.1288749373089E-044 3.5172459629274E-044 -2.5774572458895E-044 -9.0039996709971E-046 6.82923137608E-045 -1.5393357599452E-045 -6.1907202331786E-046 -1.7832113516825E-048 2.5074556805229E-046 -1.5482692718579E-046 -1.0448598563268E-047 1.2159905137425E-047 1.37622513356E-047 -1.0402935572672E-047 2.1177189146866E-049 6.5351919022701E-049 5.6082990188035E-049 -6.2066798308851E-049 2.0530463652361E-050 6.8065854540161E-050 1.8928539165178E-050 -3.6900221580636E-050 3.3461812204614E-051 4.9524009631949E-051 -5.4344447801083E-052 -1.8804698292348E-051 3.4202603855961E-052 3.4873996221038E-052 -1.4474603261165E-052 -7.4501609807483E-053 2.85438403935E-053 2.1593437886426E-053 -1.6362547881684E-053 -1.0240531137741E-054 2.1101517330129E-054 1.08698431495E-054
-6.5364409188093E-040 1.9298806125419E-040 1.6776547175346E-040 -5.0067598223173E-041 -4.4304106788436E-041 1.1375363293394E-041 5.6121424801113E-042 -4.1126735663912E-042 -1.4378100779718E-043 1.0898337392574E-042 -2.4566758009052E-043 -9.8797782473493E-044 -2.8019635475856E-046 4.0018185327847E-044 -2.4709812252748E-044 -1.6673583537418E-045 1.9405764567537E-045 2.1963041574681E-045 -1.6602381079876E-045 3.3800759410872E-047 1.0430047954422E-046 8.9504812593634E-047 -9.9054371084339E-047 3.2766078564327E-048 1.0862820915116E-047 2.9965621953824E-048 -5.923097077081E-048 5.3779159659718E-049 7.9654141249111E-049 -8.6811909734583E-050 -3.017960681429E-049 5.4912348351643E-050 5.5936789278352E-050 -2.3391127547345E-050 -1.2118588634428E-050 4.6014605572925E-051 3.4976980877286E-051 -2.627286795306E-051 -1.7215917819873E-052 3.4035971959772E-052 1.7558760907388E-052
-9.0085494980162E-040 2.6780018860767E-040 2.3426641878488E-040 -6.9121942129092E-041 -6.0768692105476E-041 1.5636629778064E-041 7.6694395252786E-042 -5.6805221807968E-042 -1.5697623498323E-043 1.4842700980492E-042 -3.3953597670755E-043 -1.3186099266452E-043 -6.8220086332192E-046 5.3776758909829E-044 -3.3484166513931E-044 -2.2255612755589E-045 2.6513882278907E-045 2.973827001486E-045 -2.2477912399184E-045 4.6869149203062E-047 1.4068422635586E-046 1.2097257654493E-046 -1.3345405685631E-046 4.3987021586007E-048 1.4627407139088E-047 4.0816110659482E-048 -7.9386094609053E-048 7.1860613698346E-049 1.0648667196821E-048 -1.1829066335126E-049 -4.0802555759141E-049 7.386067709917E-050 7.5590389275253E-050 -3.1081216796512E-050 -1.6212499512617E-050 6.1675120383443E-051 4.672004573492E-051 -3.5418762340825E-051 -2.4189048524974E-052 4.5789377862897E-052 2.3753796627241E-052
-4.9909245264873E-039 1.4736144525519E-039 1.2809926409456E-039 -3.8229325389077E-040 -3.3828812559543E-040 8.6857888834697E-041 4.2852110944919E-041 -3.1402761473878E-041 -1.0978863043662E-042 8.3215770161035E-042 -1.8758314559478E-042 -7.5438550986874E-043 -2.1384611355435E-045 3.0556525964985E-043 -1.8867566837398E-043 -1.2731338634224E-044 1.4817552017272E-044 1.6770204762756E-044 -1.2677003025538E-044 2.5809147025829E-046 7.9640312905658E-046 6.834278620185E-046 -7.5634487947266E-046 2.5019058754177E-047 8.2944729567065E-047 2.3065490989131E-047 -4.4966412301894E-047 4.0776999827888E-048 6.0350176117239E-048 -6.6227194712857E-049 -2.2915242192948E-048 4.1679491271006E-049 4.2497365171197E-049 -1.7639001912858E-049 -9.0786338144439E-050 3.4783604477175E-050 2.631370298329E-050 -1.9939515408066E-050 -1.2478192216092E-051 2.5714315748353E-051 1.324593328085E-051
-3.3144973895244E-038 9.7801101229934E-039 8.5052628211535E-039 -2.5203039308791E-039 -2.2152023454745E-039 5.7034342316615E-040 2.7963129652198E-040 -2.0722051058833E-040 -5.6797657925134E-042 5.4135370867536E-041 -1.2394044354618E-041 -4.8057712865777E-042 -2.4621628681751E-044 1.9607974320616E-042 -1.2213225594225E-042 -8.1090014945457E-044 9.6725721110413E-044 1.0844863654811E-043 -8.1978808743638E-044 1.711663535257E-045 5.1305828270185E-045 4.4111272602092E-045 -4.8669082215747E-045 1.6046383883147E-046 5.3348184965073E-046 1.4763932779291E-046 -2.9118249154275E-046 2.6394127122304E-047 3.9138212775285E-047 -4.2348935487345E-048 -1.4842386246623E-047 2.6966140671447E-048 2.748781314192E-048 -1.1476325452786E-048 -5.9648723547431E-049 2.26041303314E-049 1.7192645069489E-049 -1.2936226260702E-049 -9.0387608044387E-051 1.6779615396629E-050 8.7038226778786E-051
-1.8733414649792E-038 5.5304864562296E-039 4.8080209644161E-039 -1.4349426956441E-039 -1.2697322718155E-039 3.2600884228479E-040 1.6084009732821E-040 -1.1786629940993E-040 -4.1202759655727E-042 3.1233432917508E-041 -7.040530654205E-042 -2.8314192031026E-042 -8.0428012427317E-045 1.1468665533468E-042 -7.0815020507637E-043 -4.7784750092676E-044 5.5614647030819E-044 6.2943417261503E-044 -4.7580291826225E-044 9.6867908536959E-046 2.9891078033025E-045 2.5650914738844E-045 -2.8387708324987E-045 9.390316925093E-047 3.1131459108916E-046 8.6571498933688E-047 -1.6877140017023E-046 1.5304712225032E-047 2.2651070981258E-047 -2.5354027353059E-048 -8.6707681429458E-048 1.5720653912321E-048 1.6077162242172E-048 -6.656416941749E-049 -3.4906279887778E-049 1.317587088994E-049 1.0021582731766E-049 -7.5409939511351E-050 -5.3428318253305E-051 9.786806072664E-051 5.0836006279822E-051
-6.6738997923662E-038 1.9692764947379E-038 1.7125770701722E-038 -5.111897166887E-039 -4.5228891942387E-039 1.1612204441462E-039 5.7291025918328E-040 -4.1983715780772E-040 -1.4670090330322E-041 1.1124588536957E-040 -2.5076150720028E-041 -1.0084562496747E-041 -2.8851877435027E-044 4.0846894775452E-042 -2.5221653821461E-042 -1.7019924690693E-043 1.9808366811078E-043 2.2418528593484E-043 -1.694645408976E-043 3.449982145838E-045 1.0646006404797E-044 9.1620291014028E-045 -1.0073974311593E-044 3.3039746450225E-046 1.1021485685926E-045 3.084259245542E-046 -5.9928704094176E-046 5.4157395095626E-047 8.0372976163095E-047 -8.6692244774277E-048 -3.0568164602011E-047 5.5420669715086E-048 5.6583578035011E-048 -2.3411998268825E-048 -1.2132124248909E-048 4.6285349472373E-049 3.506351466476E-049 -2.6578448989269E-049 -1.7966097144904E-050 3.4348061550634E-050 1.7800310704673E-050
-4.6555493858342E-038 1.373725650955E-038 1.1946537110798E-038 -3.5659347965506E-039 -3.1550603321023E-039 8.1004020746854E-040 3.9964872651623E-040 -2.9286853692359E-040 -1.0233553372112E-041 7.7602563466138E-041 -1.7492547770582E-041 -7.0347599905116E-042 -2.0124989671553E-044 2.8493863276386E-042 -1.7594050329199E-042 -1.1872705763789E-043 1.3817861247931E-043 1.5638651056914E-043 -1.1821458820061E-043 2.4066294546935E-045 7.4264117153104E-045 6.3912221423662E-045 -7.0273741173375E-045 2.3047773763046E-046 7.6883362492754E-046 2.1515084202696E-046 -4.1804893078445E-046 3.7778962088861E-047 5.6066351455369E-047 -6.0474537472605E-048 -2.132365216376E-047 3.866019273084E-048 3.9471409966297E-048 -1.6416218743875E-048 -8.5821755074363E-049 3.2418860763336E-049 2.4674968875638E-049 -1.8491956046643E-049 -1.2399896539473E-050 2.3995028498033E-050 1.2396703246809E-050
-3.9268369340702E-037 1.1667206448707E-037 1.0209844059551E-037 -3.0334661768742E-038 -2.6830579329338E-038 6.885509367081E-039 3.3970182793038E-039 -2.4900273905007E-039 -8.6234458566758E-041 6.5922325035189E-040 -1.4862956044841E-040 -5.9715951299222E-041 -1.8416069619323E-043 2.4188767524363E-041 -1.4939542730181E-041 -1.0081278143753E-042 1.1738026456725E-042 1.3281005132288E-042 -1.0038325221529E-042 2.0443248368517E-044 6.304848690009E-044 5.4264274062736E-044 -5.967166667636E-044 1.9571592867817E-045 6.5288114445987E-045 1.8125232474839E-045 -3.570312942762E-045 3.2305392229695E-046 4.7977903385917E-046 -5.1403469306315E-047 -1.8208122771122E-046 3.3024524107833E-047 3.3685484928019E-047 -1.4042417558349E-047 -7.3240472031861E-048 2.7693641344596E-048 2.1079560961468E-048 -1.5839872971416E-048 -1.1177198714162E-049 2.0562925147447E-049 1.0672268315855E-049
3.5923474697385E-037 -1.0652914738436E-037 -9.2594308199582E-038 2.7657120555113E-038 2.4466238091034E-038 -6.2812668133265E-039 -3.0990636091934E-039 2.2710081947662E-039 7.9329334238295E-041 -6.017198477234E-040 1.3562937446558E-040 5.4545901153383E-041 1.5732112866861E-043 -2.2092899967684E-041 1.3641624557672E-041 9.2062321862606E-043 -1.0714001331599E-042 -1.212580969888E-042 9.1659231632059E-043 -1.8658858900089E-044 -5.7580774527494E-044 -4.9555240507233E-044 5.4487714945E-044 -1.7870105424439E-045 -5.9612599347078E-045 -1.6682332841565E-045 3.2414052042464E-045 -2.9292224243537E-046 -4.3471697175328E-046 4.6888327702975E-047 1.6533642161812E-046 -2.9975597194943E-047 -3.0604704206217E-047 1.2728422865938E-047 6.6543586828896E-048 -2.5136351149026E-048 -1.9132085959057E-048 1.4378041109044E-048 1.0179824164565E-049 -1.8667132065553E-049 -9.6918790470527E-050
-5.0408881088887E-037 1.4875579968901E-037 1.2935674616665E-037 -3.8610739946625E-038 -3.4162591525632E-038 8.771083961335E-039 4.3273675491235E-039 -3.1711608475865E-039 -1.1081727898637E-040 8.4028537412672E-040 -1.8941112786182E-040 -7.6173199751793E-041 -2.1761663249742E-043 3.085357863797E-041 -1.9051082241511E-041 -1.285581621458E-042 1.496209739613E-042 1.6933684205952E-042 -1.2800419740328E-042 2.6059448147485E-044 8.0414325969127E-044 6.920496814634E-044 -7.6093268274449E-044 2.4956457616454E-045 8.3250218735063E-045 2.3111184813441E-045 -4.5528194826059E-045 4.1195635504166E-046 6.1182238085427E-046 -6.5542466193089E-047 -2.3218880482727E-046 4.2112440570516E-047 4.2955017319447E-047 -1.7814864802098E-047 -9.2099594347482E-048 3.5171795943869E-048 2.6646064906391E-048 -2.0139458888643E-048 -1.281789383649E-049 2.6009816034477E-049 1.3407890456659E-049
-9.6769739450245E-037 2.8670691563645E-037 2.4930221460285E-037 -7.4473089711828E-038 -6.5874314834255E-038 1.6911296076986E-038 8.3438619509866E-039 -6.1144103382376E-039 -2.1348809439999E-040 1.6199518990513E-039 -3.6513462822618E-040 -1.4684448932328E-040 -4.2662906715151E-043 5.9475974670626E-041 -3.6724615488931E-041 -2.4785248105143E-042 2.8843948227202E-042 3.2644552257087E-042 -2.4675786378095E-042 5.0230260066164E-044 1.5501203517035E-043 1.3302854668535E-043 -1.4722252016501E-043 4.869772253708E-045 1.6145263266318E-044 4.4539578088115E-045 -8.8034180157662E-045 7.9929505308221E-046 1.1838746544761E-045 -1.3161624021028E-046 -4.5221651068862E-046 8.2017765910584E-047 8.3799931394426E-047 -3.4595281707574E-047 -1.7942285511014E-047 6.8464776978477E-048 5.1832724969217E-048 -3.9225724427401E-048 -2.4993054262488E-049 5.0640843448284E-049 2.6117766281352E-049
8.4436817556676E-038 -2.5097580893194E-038 -2.195685770089E-038 6.478792893296E-039 5.6956808056714E-039 -1.4655604446919E-039 -7.1882980187313E-040 5.3241538481839E-040 1.4710454647053E-041 -1.3911288320371E-040 3.1822780755999E-041 1.2358533625973E-041 6.4013811731946E-044 -5.0401502769111E-042 3.1382619264307E-042 2.0859055436215E-043 -2.4850004458562E-043 -2.7871980859183E-043 2.1067192422566E-043 -4.3927279312942E-045 -1.3185423761332E-044 -1.1338018220675E-044 1.2507842174192E-044 -4.1226278613208E-046 -1.3709393341011E-045 -3.7949149464864E-046 7.4834095067519E-046 -6.7824803979944E-047 -1.0058198747838E-046 1.1098082170606E-047 3.8457090901101E-047 -6.9640368693709E-048 -7.1204262251175E-048 2.9345740409347E-048 1.5271932258467E-048 -5.8152899318932E-049 -4.4054853095547E-049 3.3301210200611E-049 2.1430318025598E-050 -4.302413133793E-050 -2.2201698107559E-050
3.6262834118254E-038 -1.409843325583E-039 -1.0874161700768E-038 4.3347090279632E-040 3.2713227746795E-039 -8.4961757051626E-041 -6.5479791966263E-040 -7.7933652383609E-042 1.6173729323149E-040 -1.8359207303835E-041 -2.736340198986E-041 7.1793801630178E-042 6.1485827841302E-042 -1.841514778846E-042 -9.6406532800596E-043 5.0329642747804E-043 1.7973929820371E-043 -1.1453866917106E-043 -2.3170338652911E-044 2.9641472624164E-044 2.1109168631315E-045 -6.3101078910548E-045 -5.2957693168478E-046 1.3115114547565E-045 8.9139399158674E-047 -2.7994949817999E-046 -3.2010796030139E-047 6.3158133849318E-047 2.5670867556422E-048 -1.3256356481739E-047 -1.2365728188477E-048 3.1744928798319E-048 2.358941351779E-050 -6.1700742994378E-049 -3.9628411627778E-050 1.4590083057771E-049 -4.6062985738899E-051 -2.7570190948721E-050 -4.9324805266932E-052 6.5683558914816E-051 -2.8581685679094E-052
1.1458728069566E-038 -4.7364098338886E-040 -3.4541090712623E-039 1.4252911202591E-040 1.0389059155524E-039 -2.6949267517886E-041 -2.0811040713991E-040 -2.5405897470986E-042 5.1400445731629E-041 -5.8145269218433E-042 -8.6992042126471E-042 2.2770136161412E-042 1.9553130980802E-042 -5.8423452362794E-043 -3.0670260598715E-043 1.5971219519877E-043 5.7230787461563E-044 -3.63603084493E-044 -7.385274714407E-045 9.4113946652009E-045 6.7746119687123E-046 -2.0055280380566E-045 -1.7172249361693E-046 4.1681076842484E-046 2.9065009185634E-047 -8.9003395475161E-047 -1.0336456930714E-047 2.0095017759853E-047 8.6427017327053E-049 -4.218146523712E-048 -4.0458218689403E-049 1.0092779222234E-048 1.0776228231052E-050 -1.9655836951245E-049 -1.3388121874119E-050 4.6464213944458E-050 -1.2444418309598E-051 -8.801561899298E-051 -2.0691294310624E-052 2.0956803155118E-051 -7.9232988964482E-053
6.409980285324E-038 -2.4921383166826E-039 -1.9221684608201E-038 7.6621957806023E-040 5.7825459844366E-039 -1.5018255164597E-040 -1.1574518781217E-039 -1.3775884241578E-041 2.8589451395336E-040 -3.2452617773453E-041 -4.8368845168558E-041 1.2690615707861E-041 1.0868525735013E-041 -3.2551494770598E-042 -1.7041273761587E-042 8.8965077526906E-043 3.1771563557126E-043 -2.0246400824954E-043 -4.0956974669009E-044 5.2395677985317E-044 3.731352358177E-045 -1.1154046608183E-044 -9.3610430057436E-046 2.3182900319284E-045 1.5756671530272E-046 -4.9485201386481E-046 -5.6583727186085E-047 1.116413156724E-046 4.5376826467608E-048 -2.3431023839662E-047 -2.1834518547624E-048 5.610989754938E-048 4.1373279971221E-050 -1.0905703577409E-048 -6.9947389893705E-050 2.5785957824023E-049 -8.1668768404614E-051 -4.8714899345234E-050 -8.4297359461732E-052 1.160610683151E-050 -5.0916304493834E-052
5.94436108649E-038 -2.3146953321763E-039 -1.7825090963544E-038 6.9405551847134E-040 5.3331175590849E-039 -1.3181200856244E-040 -1.070809546303E-039 -1.4479874149551E-041 2.6462066910615E-040 -2.95028563622E-041 -4.4903000609305E-041 1.162605453288E-041 1.0106578810096E-041 -2.9872229847899E-042 -1.5894369544015E-042 8.1783393446483E-043 2.9780079726108E-043 -1.8645207767303E-043 -3.8660169556709E-044 4.8306794177464E-044 3.6673088942665E-045 -1.0305369120371E-044 -9.152435498775E-046 2.1394705408306E-045 1.6098846249374E-046 -4.5835326981902E-046 -5.5965432122519E-047 1.0331027740318E-046 5.2377531900635E-048 -2.1797579427125E-047 -2.2739376017292E-048 5.2146071021201E-048 1.0875419498534E-049 -1.0208984405178E-048 -8.2049686447678E-050 2.4105449620883E-049 -2.8272627956223E-051 -4.6041685014856E-050 -1.9525895066233E-051 1.094380296373E-050 -2.1114935707297E-052
6.0193069008298E-038 -2.4326707467984E-039 -1.8043204655352E-038 7.0508100219175E-040 5.4007606378909E-039 -1.3316334220581E-040 -1.0845196204113E-039 -1.4698677952097E-041 2.6801901770727E-040 -2.9871883038349E-041 -4.5483978976618E-041 1.1773237778017E-041 1.0237687866126E-041 -3.0251488164963E-042 -1.6102005084388E-042 8.2825795795737E-043 3.0172318255635E-043 -1.8883372919212E-043 -3.9176693663447E-044 4.8925192523975E-044 3.7196887101217E-045 -1.044414870478E-044 -9.3807639830271E-046 2.1685419498718E-045 1.6477075407491E-046 -4.6448916637816E-046 -5.7015824127462E-047 1.0478453797622E-046 5.4076006527309E-048 -2.2096258322139E-047 -2.3300172888401E-048 5.2822954703469E-048 1.173691751572E-049 -1.0351663147801E-048 -8.4852200126359E-050 2.4442470488718E-049 -2.3835015099157E-051 -4.6733640213528E-050 -2.0969697636721E-051 1.110535690318E-050 -1.8745649576002E-052
