Test data_DRK/Large and small mount/MarsModel3TwoMountainsFar_1Topo_S20km.grd
DSAA
511 251
-5100000 5100000
-2500000 2500000
-2.8078689595645E-008 20000.000008417
[rows 108 to 125 of 251, columns 123 to 163 of 511]
3.9784750395708E-105 -1.4386244006734E-105 -2.0379276636244E-106 9.5093367007908E-107 3.283733852986E-106 -1.6429808545914E-106 -1.7426532556512E-107 -3.4756070708985E-108 1.1308852757387E-107 -4.4172338090632E-108 3.0523087541533E-109 -4.769655409761E-109 1.3627468237362E-108 -4.8557592288049E-109 -1.3404671487017E-109 -2.7062277080449E-110 6.0700919900762E-110 -2.4410583416444E-110 -1.0757968459342E-111 2.0422222328038E-112 6.0176557628816E-111 -2.6775829183509E-111 -4.3016639042442E-112 -8.497515557764E-113 2.3051872922833E-112 -9.9578980894905E-113 -7.6728466261778E-115 -6.9439434419312E-115 2.4474367260859E-113 -1.0587956472595E-113 -1.8420952619132E-114 -3.7041772530593E-115 9.6578933611851E-115 -4.0929166757016E-115 -1.1937199333411E-116 -9.4780192697793E-116 5.268842066309E-116 6.2144382109705E-117 8.661418714477E-118 -4.1298588783029E-117 1.7996595425474E-117
1.8450785750618E-104 -6.6710305390272E-105 -9.3334769652647E-106 4.2837711609132E-106 1.5300644346378E-105 -7.6217105988048E-106 -8.225245733144E-107 -1.6407527774098E-107 5.2924559728728E-107 -2.0823191687442E-107 1.2358295655521E-108 -2.0809791122776E-108 6.3530623785913E-108 -2.2946930046362E-108 -6.1875951637489E-109 -1.2304200387544E-109 2.8050414509219E-109 -1.1348709287679E-109 -4.7650762336748E-111 1.0186118744015E-111 2.7848310769905E-110 -1.2413702938606E-110 -1.9856435252941E-111 -3.9191180898315E-112 1.0659678553374E-111 -4.5755692222656E-112 1.0168794266551E-114 -3.8990494482148E-114 1.1300809994272E-112 -4.8777338244696E-113 -8.5573276538768E-114 -1.7179854588484E-114 4.4836396700511E-114 -1.882808445189E-114 -5.7898278051816E-116 -4.3877682644456E-115 2.4441692172656E-115 2.8577747191139E-116 3.9764346035473E-117 -1.9070069029709E-116 8.3703159664766E-117
3.9617681486272E-103 -1.4448997874171E-103 -2.1793474873841E-104 9.5136898459409E-105 3.2905319574787E-104 -1.6443420689693E-104 -1.7465341809947E-105 -3.4938297082347E-106 1.1322718522507E-105 -4.4187139831231E-106 3.0272578157511E-107 -4.768772196265E-107 1.3639121384332E-106 -4.8606375854953E-107 -1.3412438623992E-107 -2.7080238840652E-108 6.0742087386384E-108 -2.4235073815904E-108 -8.8601630614288E-110 7.2389354577677E-111 6.0277457132599E-109 -2.6537556050277E-109 -4.3604873734714E-110 -8.8148429260014E-111 2.3325598701215E-110 -9.9987081355533E-111 -1.0014398393071E-112 -7.8268525865547E-113 2.4717613817482E-111 -1.0668434594032E-111 -1.8661241865255E-112 -3.755394902984E-113 9.7844912032451E-113 -4.1355334883406E-113 -1.7538536250693E-114 -9.4857512885148E-114 5.409228653388E-114 6.0448978030845E-115 7.2016293271561E-116 -4.0525610729687E-115 1.7884244709491E-115
-7.7358013213263E-103 2.8210021438633E-103 4.2551267057266E-104 -1.857365985506E-104 -6.4240346420238E-104 3.2102003558417E-104 3.409734602636E-105 6.8208681770658E-106 -2.2104916810225E-105 8.6944168101924E-106 -5.2585381086779E-107 8.8072190584402E-107 -2.6599536283297E-106 9.5855448385334E-107 2.5974100961841E-107 5.1654882035552E-108 -1.1750603080437E-107 4.7293615407889E-108 1.5155856791459E-109 -3.762110404251E-110 -1.1641690906306E-108 5.1833040799484E-109 8.3383682942163E-110 1.6429013914304E-110 -4.4677334748751E-110 1.9180679767797E-110 -4.049128496176E-113 1.5784138653469E-112 -4.7327797279908E-111 2.0441202421367E-111 3.5799217713096E-112 7.1867185639863E-113 -1.8728116922414E-112 7.9958985533074E-113 3.24646049927E-114 1.8163911706195E-113 -1.0341484069982E-113 -1.1659605461993E-114 -1.3904189063546E-115 7.7842066009225E-115 -3.4114880073053E-115
5.9191064146431E-103 -2.1397268642101E-103 -3.0450277184327E-104 1.3093859913064E-104 4.9185842664548E-104 -2.4342215688197E-104 -2.659378582622E-105 -5.4659946822696E-106 1.711471884412E-105 -6.6746973831458E-106 4.2298906672667E-107 -6.9172265799824E-107 2.0475026308545E-106 -7.3516792462497E-107 -1.9960717739452E-107 -4.0308558375517E-108 9.0728053989507E-108 -3.6365773540968E-108 -1.2793398958267E-109 1.0820020516151E-110 9.0249435506022E-109 -3.9741307311684E-109 -6.529516600225E-110 -1.319274894394E-110 3.4929983725081E-110 -1.4866964835592E-110 2.9902321191434E-113 -8.2581689459362E-113 3.6827431698637E-111 -1.5991032760031E-111 -2.7830209668982E-112 -5.4640187314516E-113 1.4530821669875E-112 -6.1836666167858E-113 -2.4811488596219E-114 -1.4066580762605E-113 8.0014594954974E-114 9.0518664694741E-115 1.0817596731424E-115 -6.0336831631361E-115 2.6622928260948E-115
2.5166300134214E-103 -9.176968803985E-104 -1.3867476912864E-104 6.0591619853577E-105 2.0892850208709E-104 -1.0444648875588E-104 -1.1076040852211E-105 -2.2157752162365E-106 7.1861970419224E-106 -2.804538305818E-106 1.9256517210819E-107 -3.0304561296109E-107 8.6585731318257E-107 -3.0849969720373E-107 -8.5168784705031E-108 -1.7195849401202E-108 3.8566112673604E-108 -1.5386540857253E-108 -5.2495827893389E-110 1.0546078534862E-110 3.8149795021539E-109 -1.6935585552435E-109 -2.7450526961101E-110 -5.4136137190913E-111 1.4663522157758E-110 -6.2865730562215E-111 2.4179481904708E-113 -2.7393698939368E-113 1.5471145617644E-111 -6.7382888953842E-112 -1.1640527507721E-112 -2.2830605779553E-113 6.0814477659288E-113 -2.6150301778883E-113 -9.9255028117351E-115 -5.9028640451127E-114 3.3484278758312E-114 3.8338664281694E-115 4.6009868580297E-116 -2.5409184904142E-115 1.1129935265973E-115
4.9219869161903E-101 -1.7965025315603E-101 -2.7470826392785E-102 1.1352274123829E-102 4.0929342401354E-102 -2.0341717648788E-102 -2.1793937369259E-103 -4.4923586150757E-104 1.4156652436018E-103 -5.5638889690585E-104 3.1638086491411E-105 -5.4918116120489E-105 1.6969988886497E-104 -6.1438814527143E-105 -1.6478847427127E-105 -3.2777099476702E-106 7.4756161784785E-106 -3.0118612858833E-106 -1.0192928485867E-107 1.1725341662942E-108 7.4380865095087E-107 -3.2830677106564E-107 -5.3615338704109E-108 -1.0827035548886E-108 2.8821562463629E-108 -1.2158136018146E-108 -9.3130341306438E-112 -1.3146558563983E-110 3.0442043605666E-109 -1.3066656522395E-109 -2.3232710175222E-110 -4.6731241717581E-111 1.2112247788148E-110 -5.1124036191907E-111 -2.2296555318082E-112 -1.1692969819201E-111 6.6872964692763E-112 7.4059882579789E-113 8.7562710692162E-114 -4.9876639649049E-113 2.2028829365692E-113
-9.9729371143473E-101 3.6044940877537E-101 5.0647041542713E-102 -2.3307778786551E-102 -8.2595424362311E-102 4.1184071109568E-102 4.4269929402365E-103 8.8310833833843E-104 -2.853991201211E-103 1.123021799338E-103 -6.7081016233633E-105 1.1259703333528E-104 -3.4281207009131E-104 1.2375236233391E-104 3.3410384716047E-105 6.643751128651E-106 -1.5141032083073E-105 6.1251018551419E-106 2.5765590458688E-107 -5.5168583044793E-108 -1.5029892184235E-106 6.7001380423978E-107 1.0715234899455E-107 2.1149139945525E-108 -5.7673426171969E-108 2.4683496493975E-108 1.4116837397091E-110 1.1165722911668E-110 -6.0945744224763E-109 2.6503076271566E-109 4.5874747084562E-110 9.0138536408051E-111 -2.3994832680448E-110 1.0212030032199E-110 4.0747085883528E-112 2.326034235469E-111 -1.322178120047E-111 -1.4985987940966E-112 -1.7945734687004E-113 9.9795842544172E-113 -4.371892962596E-113
-5.6340852917956E-101 2.0377921480062E-101 2.9169119772569E-102 -1.2706235808881E-102 -4.6691366867307E-102 2.3172092907133E-102 2.5046932978466E-103 5.1485294329563E-104 -1.620402809133E-103 6.3717635867734E-104 -3.5949020784924E-105 6.2399576019897E-105 -1.9399095628439E-104 7.0324219482324E-105 1.8810691612982E-105 3.7411908517193E-106 -8.5397816767821E-106 3.4687701922952E-106 1.5103813670471E-107 -1.856223541362E-108 -8.5179419274377E-107 3.7680463492064E-107 6.1016085767504E-108 1.2342271075081E-108 -3.2818996398705E-108 1.4089361080127E-108 9.4244717341247E-111 6.364240031561E-111 -3.4737342478183E-109 1.5103631883691E-109 2.6142207269912E-110 5.1399762504991E-111 -1.3674859335126E-110 5.8186593278347E-111 2.3264625383448E-112 1.325693866875E-111 -7.5363225910487E-112 -8.5380204552522E-113 -1.0223058861488E-113 5.6869382621928E-113 -2.4913778721467E-113
7.3414587143917E-097 -2.6547959192158E-097 -3.706570784128E-098 1.6996269770321E-098 6.0909750927143E-098 -3.0328417749798E-098 -3.2784515570412E-099 -6.5395637793123E-100 2.1077798194198E-099 -8.2278858078525E-100 5.7547576121798E-101 -8.4048667142055E-101 2.5250817900416E-100 -9.0981320075928E-101 -2.4693043786931E-101 -4.9053854637419E-102 1.1175987252557E-101 -4.4862995820679E-102 -1.5574780425511E-103 1.7439244297762E-104 1.1097897536995E-102 -4.897649708959E-103 -7.9991640040716E-104 -1.6160093031386E-104 4.2894235436599E-104 -1.8407300967576E-104 -1.3019389749083E-106 -7.7180102926465E-107 4.5350443595179E-105 -1.9731563312938E-105 -3.4087253007765E-106 -6.7018147219604E-107 1.7843271662015E-106 -7.5939044602361E-107 -3.0237721873105E-108 -1.730668512346E-107 9.8348064785793E-108 1.1155302939222E-108 1.3369261021008E-109 -7.4258295961405E-109 3.2528322797352E-109
-2.0451836220043E-095 7.394641906975E-096 1.0476051788387E-096 -4.8885095279014E-097 -1.6877264367121E-096 8.4445518374758E-097 8.9559831184987E-098 1.7861855892993E-098 -5.8121691538384E-098 2.2702297725864E-098 -1.5689547379519E-099 2.4515855999831E-099 -7.0039389008871E-099 2.4956107778905E-099 6.8895640857119E-100 1.3909127503992E-100 -3.1176781185421E-100 1.2573754173158E-100 5.5002878141544E-102 -1.0928122946557E-102 -3.0925430819751E-101 1.3771850725618E-101 2.2075230343935E-102 4.3602807972167E-103 -1.1840622439073E-102 5.0795041374062E-103 -1.0035722610761E-105 4.3308459102197E-105 -1.2549609570461E-103 5.4164820317073E-104 9.5029691399778E-105 1.9079557551814E-105 -4.9789548132309E-105 2.0907192567773E-105 6.4335924192142E-107 4.8724119959956E-106 -2.714232243022E-106 -3.1731183000274E-107 -4.4150416116173E-108 2.1175743699417E-107 -9.2946092329174E-108
-3.765903404933E-096 1.3610709361185E-096 1.9162278172727E-097 -8.8283843879609E-098 -3.1179039299552E-097 1.55533603029E-097 1.6689810814176E-098 3.3294608745809E-099 -1.0768780443543E-098 4.2376355830704E-099 -2.4234747759695E-100 4.4337826729595E-100 -1.2974701729413E-099 4.6433727421501E-100 1.2683643876287E-100 2.5633574205397E-101 -5.7591114172041E-101 2.3168375122528E-101 1.0675925391702E-102 -9.6732156813495E-104 -5.7339837846112E-102 2.5284877148321E-102 4.1269680527274E-103 8.3569240619621E-104 -2.2182277675491E-103 9.3452099857174E-104 1.0906979168931E-106 1.034116479374E-105 -2.3432617464855E-104 1.0051716589749E-104 1.7898872173548E-105 3.6008524521136E-106 -9.3062243862687E-106 3.9613560647819E-106 1.6836898438741E-107 8.9860878721598E-107 -5.1364271352579E-107 -5.7147210773339E-108 -6.7514850795178E-109 3.8405872346247E-108 -1.6848442906719E-108
3.6393615783566E-095 -1.3276060179397E-095 -2.0212525428912E-096 8.9547911100894E-097 3.0105610877662E-096 -1.5102009154995E-096 -1.5800045422589E-097 -3.160261986112E-098 1.0320122115236E-097 -4.0612062850835E-098 2.5177557686265E-099 -4.1640405883486E-099 1.2448921070772E-098 -4.4766543448155E-099 -1.2186480908737E-099 -2.4235132311805E-100 5.5063855747423E-100 -2.2151293730237E-100 -7.7034097918563E-102 9.4514559654563E-103 5.4694059439438E-101 -2.4157935203905E-101 -3.9364718332355E-102 -7.9504358955157E-103 2.1178329850802E-102 -9.0016153449672E-103 -9.2182605227357E-105 -8.4108578112741E-105 2.2420469127229E-103 -9.644102780939E-104 -1.7015935449816E-104 -3.4277673061464E-105 8.8751886408304E-105 -3.7795823038847E-105 -1.5875345810845E-106 -8.5905883825308E-106 4.903535957542E-106 5.4776713715566E-107 6.4966842834961E-108 -3.6737627495684E-107 1.6109769540254E-107
1.3895835430131E-098 2.1638534169819E-098 -5.1210584369909E-099 -6.8610753137688E-099 1.5677741795253E-099 1.0428352430337E-099 -2.2906190464557E-100 -2.3159497703976E-100 1.4766962419696E-100 2.4802005985238E-101 -3.5865108487055E-101 -9.3699907427046E-102 8.5898379532664E-102 9.195315722597E-103 -1.496842864995E-102 -1.473727536806E-103 4.9048190666615E-103 -2.1154701838146E-104 -9.8589574484657E-104 -4.2123785623123E-105 2.1940473780122E-104 2.3837369254583E-106 -4.0027499493482E-105 3.2699974779001E-106 8.9447867244469E-106 -2.2508660226042E-106 -1.9451851121939E-106 6.9777263761538E-107 3.3646482851069E-107 -1.3312870355261E-107 -6.4828893910676E-108 3.5298761160968E-108 4.4816526762064E-109 -1.0610871684896E-108 -1.1630881246908E-109 2.5137377707027E-109 -3.3717541049085E-110 -4.4849309564654E-110 4.0729109992652E-111 1.5047472309773E-110 -2.5699593564354E-009
1.4306087482388E-098 2.2370386065633E-098 -5.2375223705338E-099 -7.0167935133359E-099 1.5970409252775E-099 1.0677514257962E-099 -2.3231120846653E-100 -2.3657696941693E-100 1.500901457856E-100 2.5423965309065E-101 -3.6494645981874E-101 -9.5754616617E-102 8.7369245131861E-102 9.4331552820685E-103 -1.5217340803988E-102 -1.5177085017255E-103 5.0043419276415E-103 -1.8797857183091E-104 -9.9111970466765E-104 -4.551965873873E-105 2.2048865605623E-104 3.2519246518092E-106 -4.0201675685494E-105 3.1857783766801E-106 8.957087787995E-106 -2.2179129964205E-106 -1.9346067895113E-106 6.7343380179936E-107 3.3830479062665E-107 -1.2945172433101E-107 -6.5321621537815E-108 3.4313704571408E-108 5.0476633399057E-109 -1.0377769730131E-108 -1.2657657459547E-109 2.4424694877914E-109 -3.0480723964327E-110 -4.3302768433866E-110 3.4204308850675E-111 1.4755171454658E-110 -3.1387998866705E-009
9.3035438742388E-098 1.4509461821344E-097 -3.4308278749666E-098 -4.6003317821855E-098 1.0505025921741E-098 6.9927869579579E-099 -1.5345639263674E-099 -1.5530270933319E-099 9.8982012099597E-100 1.6784360143172E-100 -2.3838004490926E-100 -6.3331865342603E-101 5.7383800197314E-101 6.2310488447752E-102 -1.0013598572697E-101 -1.0083575202305E-102 3.2962089605113E-102 -1.2128886134234E-103 -6.5279368457778E-103 -3.0851738713215E-104 1.4526941961607E-103 2.3154309653362E-105 -2.6479751546178E-104 2.0630902225422E-105 5.9101851431468E-105 -1.4527026864042E-105 -1.2763759608568E-105 4.4054377274827E-106 2.2344895926205E-106 -8.4690220909957E-107 -4.311295570394E-107 2.2490498040645E-107 3.3407631251934E-108 -6.8819685142741E-108 -8.5641289085928E-109 1.6146128645442E-108 -1.9593542307209E-109 -2.8568565540032E-109 2.1452433159785E-110 9.7740101310311E-110 -4.6325343561193E-010
2.2047272236101E-098 3.24312582995E-098 -7.8689893508519E-099 -1.020114510799E-098 2.3845004717484E-099 1.5470094421439E-099 -3.4959318862049E-100 -3.4222071566605E-100 2.2093909228581E-100 3.6448572714735E-101 -5.3165118020497E-101 -1.3775631181958E-101 1.2759752966571E-101 1.3348811988226E-102 -2.228278617405E-102 -2.1222904237979E-103 7.2733521869915E-103 -3.1880744240802E-104 -1.4450009783354E-103 -6.0139394355688E-105 3.2322490379576E-104 2.8515956783119E-106 -5.9150098176258E-105 4.9386251952642E-106 1.318485447656E-105 -3.3497497149181E-106 -2.8830839923886E-106 1.0151824231635E-106 5.0209766149356E-107 -1.9494102094728E-107 -9.6811966404304E-108 5.1523707661885E-108 7.2019069389359E-109 -1.5694689140088E-108 -1.8420369155822E-109 3.681800549429E-109 -4.6447405668766E-110 -6.5280673761508E-110 5.331628207057E-111 2.2148435065265E-110 1.2827516826519E-011
6.7956601695296E-098 1.0609981607352E-097 -2.4858477051396E-098 -3.3283830645516E-098 7.5798204678563E-099 5.0647122994443E-099 -1.1028218833464E-099 -1.1220816278261E-099 7.1211360254182E-100 1.2054073976592E-100 -1.7312506425067E-100 -4.5363880706249E-101 4.1438464958801E-101 4.4658550349444E-102 -7.217426859559E-102 -7.1758111938257E-103 2.3677227399597E-102 -9.63370067211E-104 -4.6861282904772E-103 -1.9711452138621E-104 1.046806038033E-103 1.0790139386235E-105 -1.913278296055E-104 1.6009759761807E-105 4.2413056203382E-105 -1.0847195823165E-105 -9.2967736035434E-106 3.3064996359113E-106 1.6105036289837E-106 -6.3345915144649E-107 -3.1051520714021E-107 1.6715557940373E-107 2.2427054385795E-108 -5.0696107682049E-108 -5.5888258032972E-109 1.1880706736891E-108 -1.5624950245691E-109 -2.1092441544657E-109 1.8756846965182E-110 7.0963802879437E-110 2.2017010437025E-010
