Test data_DRK/Large and small mount/Mohod_depth_add30km_final_S20km.grd
DSAA
511 251
-5100000 5100000
-2500000 2500000
-81047.000018452 -30000.999916246
[rows 200 to 219 of 251, columns 46 to 91 of 511]
-30100.000013417 -30099.999998338 -30100.000001063 -30099.999993353 -30100.000003645 -30100.000003238 -30099.99996528 -30099.999991995 -30100.000003044 -30100.00001801 -30099.999995255 -30100.000006613 -30099.999993346 -30100.00000925 -30100.000003857 -30100.000004009 -30100.000010616 -30099.999994431 -30100.000026693 -30099.99999557 -30099.999995807 -30099.99999794 -30099.999977168 -30100.000007192 -30100.000003012 -30100.000014972 -30099.999994587 -30100.000019399 -30099.999995308 -30099.999991474 -30099.999975108 -30100.000007332 -30100.000001271 -30099.999991861 -30100.000004474 -30099.999998198 -30099.999971357 -30099.999988021 -30099.999999181 -30100.000011963 -30100.000003195 -30100.000022139 -30099.999994604 -30100.00000349 -30099.999997382 -30099.999988201
-30099.999999244 -30100.000004727 -30100.000029712 -30099.999999654 -30099.999988327 -30099.999995497 -30099.999993209 -30100.000001344 -30100.000004105 -30100.000004278 -30099.999990948 -30100.000011984 -30099.999997325 -30099.999999518 -30100.000002605 -30100.000004632 -30100.000012769 -30099.999996108 -30100.00003629 -30100.000000418 -30100.000001925 -30099.999994287 -30099.999980161 -30099.99999363 -30099.999994589 -30100.000007889 -30099.999996801 -30099.999995175 -30100.000000993 -30099.999998693 -30099.999995751 -30100.000000467 -30100.000015088 -30099.999996433 -30100.000001664 -30099.999998432 -30100.000015319 -30099.999981834 -30100.000014672 -30100.000033925 -30099.999989032 -30100.000004393 -30100.000042733 -30099.999995243 -30100.000008434 -30100.000001886
-30100.000001023 -30099.999997635 -30100.000014305 -30099.999992808 -30099.999989567 -30099.9999959 -30100.00001819 -30100.00000122 -30099.999998765 -30100.000017306 -30099.999993398 -30100.000009065 -30099.999996646 -30099.999978995 -30099.999981661 -30100.000002347 -30100.000006345 -30100.000002504 -30100.000011313 -30099.999995731 -30100.000029473 -30100.000002567 -30099.999982488 -30099.999987699 -30100.000004894 -30100.000032166 -30100.000002025 -30100.000011418 -30099.999996319 -30099.999981437 -30099.999979172 -30100.000001409 -30100.000014048 -30099.999993933 -30100.000003759 -30100.00001397 -30099.999993089 -30100.000000773 -30100.000004206 -30099.999997398 -30099.99999736 -30100.000004319 -30099.999999534 -30099.999971805 -30099.999995819 -30099.999983769
-30099.999982506 -30100.000001861 -30100.000012945 -30099.999997729 -30100.000018122 -30100.000002676 -30099.999997872 -30099.99997432 -30100.000008522 -30100.000007417 -30099.999995473 -30099.999995165 -30099.999990668 -30100.000011991 -30099.999981635 -30100.000003986 -30100.000037147 -30099.999999035 -30100.000000897 -30099.999996499 -30099.999958249 -30099.999998817 -30100.000005646 -30099.999991999 -30100.000002628 -30100.000033981 -30099.999994823 -30099.999997285 -30099.999993301 -30099.999960197 -30099.999989798 -30099.999996788 -30100.000024996 -30099.999996404 -30100.000001143 -30100.000000441 -30099.999999363 -30099.999984861 -30100.000004675 -30100.000039077 -30099.99999607 -30100.000013326 -30099.999999547 -30099.999964821 -30100.00000419 -30100.000016713
-30099.999985169 -30100.000006828 -30100.000007216 -30099.999997148 -30099.999995543 -30099.999994445 -30099.999990806 -30099.999985675 -30099.999968991 -30100.000015256 -30100.000006002 -30100.000009049 -30100.000002936 -30100.000012759 -30099.999998121 -30100.000000092 -30100.00002598 -30099.999996458 -30100.000011021 -30099.999995578 -30100.000008003 -30099.999995839 -30100.000008716 -30099.99999767 -30099.999994967 -30100.000016344 -30100.000007642 -30099.999976688 -30099.999995425 -30099.999990181 -30099.999983858 -30099.999997893 -30100.000002865 -30099.999997206 -30100.000005485 -30099.999992917 -30100.000010703 -30099.999995234 -30099.999997731 -30100.000010181 -30099.999996327 -30100.000013827 -30099.999992039 -30100.000013429 -30099.999996958 -30099.999998865
-30099.999999002 -30100.000000456 -30100.000008076 -30099.999999461 -30100.000012468 -30099.999992713 -30100.000025019 -30099.999996003 -30100.00000367 -30100.000003535 -30100.000012432 -30100.000016026 -30099.999998388 -30099.999987575 -30100.000003036 -30100.000000401 -30100.000012513 -30099.999995504 -30100.000027791 -30100.000003611 -30099.99998346 -30099.999995967 -30099.999968391 -30099.999979668 -30100.000000358 -30100.000005344 -30100.000000862 -30099.999966291 -30099.999992523 -30099.999971121 -30100.000015132 -30099.999990121 -30100.000009981 -30100.000000568 -30100.000005616 -30099.999994848 -30099.999996182 -30099.999985938 -30099.999994504 -30100.000027866 -30099.999996215 -30100.000005676 -30099.999994929 -30100.000001973 -30099.999989831 -30099.999965691
-30099.999999747 -30099.999997854 -30100.00003179 -30099.999994459 -30099.999999951 -30099.999977687 -30099.999999189 -30100.000009807 -30099.999997713 -30100.000032197 -30099.999995655 -30100.000036128 -30099.99998558 -30099.999993426 -30099.999997209 -30099.999998347 -30100.000032651 -30100.00003136 -30100.000024718 -30099.999992341 -30099.999999876 -30099.999970667 -30099.999998091 -30100.000005632 -30100.000001831 -30100.000041905 -30099.999996802 -30100.000000641 -30099.999979649 -30099.999995227 -30100.000016673 -30099.999992101 -30100.000027161 -30099.999965661 -30100.000030685 -30099.999981626 -30099.999997155 -30100.00000427 -30100.000002449 -30100.000006559 -30099.999993681 -30100.000034043 -30099.999987717 -30099.999997594 -30099.99997459 -30099.999999807
-30100.00000209 -30099.999998368 -30099.999985604 -30100.000002596 -30100.000001285 -30099.999999555 -30099.999999607 -30100.000010736 -30099.999997994 -30100.000012661 -30100.000007914 -30100.000009517 -30099.999997919 -30099.999995301 -30099.999999037 -30099.999989717 -30100.000014482 -30099.999998254 -30100.000013816 -30100.000002462 -30099.999997983 -30099.999993501 -30099.999993828 -30100.000017879 -30099.999996915 -30100.000020029 -30099.999975065 -30100.000002234 -30100.000003713 -30100.000006572 -30100.000010487 -30099.999992662 -30100.000018023 -30100.000020204 -30100.000002007 -30099.999976848 -30099.999995059 -30100.00001864 -30099.999999391 -30100.000009692 -30099.999994957 -30100.000006093 -30099.999982267 -30099.999997252 -30100.000000259 -30099.999975456
-30099.999997384 -30099.999987126 -30100.000005908 -30099.999993714 -30100.000010925 -30099.999995571 -30099.999988315 -30099.999986638 -30100.000001694 -30100.000005771 -30099.999996821 -30100.000004396 -30099.999993232 -30100.000001027 -30099.999995182 -30100.000014583 -30100.000013277 -30099.99999731 -30100.000020199 -30100.000004932 -30099.999973425 -30099.999999988 -30099.999995941 -30100.00000266 -30100.000013471 -30100.000006264 -30099.999992691 -30099.999979933 -30099.999994302 -30099.999951876 -30099.99999566 -30100.000004466 -30100.000032536 -30099.999993703 -30100.000012786 -30099.999989796 -30099.999991918 -30099.999992143 -30099.999963747 -30100.000001633 -30099.999996972 -30100.000009335 -30099.999997993 -30099.999974012 -30099.999994505 -30099.999990562
-30099.99998521 -30099.999999494 -30100.000001227 -30099.999987333 -30099.999998337 -30100.000007118 -30099.999991295 -30099.999989736 -30100.000003167 -30100.000012358 -30099.999999356 -30100.000003102 -30100.000004297 -30100.000005912 -30099.999987702 -30099.999988651 -30100.000015605 -30099.999994746 -30100.000028197 -30100.000004822 -30100.000019717 -30100.000001046 -30099.999986417 -30099.999979447 -30100.000001768 -30100.000002299 -30099.99999593 -30099.999971058 -30099.999995256 -30100.000000914 -30099.9999978 -30099.9999976 -30100.000011539 -30099.999989361 -30100.00000792 -30099.999990058 -30100.000000964 -30100.000013819 -30099.999996801 -30100.00002771 -30100.000008278 -30100.000006138 -30100.000008205 -30099.999988022 -30099.999995493 -30099.999998719
-30099.999999377 -30099.999997284 -30100.000008824 -30099.999995705 -30100.00000038 -30099.999994908 -30100.000014258 -30099.999971002 -30099.999995866 -30100.000032921 -30099.999994394 -30100.000007183 -30099.999993194 -30100.000009839 -30099.999999268 -30100.000004283 -30100.000014951 -30099.999996517 -30100.000000149 -30100.00000019 -30099.999996309 -30099.999999911 -30099.999992476 -30099.999966094 -30099.999993809 -30100.000007136 -30100.000001715 -30099.999988326 -30100.00000584 -30099.999976696 -30099.999996186 -30100.000002967 -30100.000036446 -30100.000002596 -30100.000003603 -30100.000000169 -30099.999960376 -30100.000001574 -30100.000013026 -30100.00003707 -30100.000001378 -30100.000004098 -30099.999993806 -30099.999962029 -30099.999997499 -30099.999984762
-30099.999985251 -30100.000002021 -30100.000011075 -30099.99999497 -30100.000002795 -30099.99999393 -30100.000016426 -30099.999980184 -30100.000005007 -30100.000010918 -30099.999994873 -30100.000007184 -30100.000005097 -30100.000003909 -30100.000004049 -30100.000011897 -30100.000013827 -30099.999995881 -30100.000010244 -30100.000004069 -30100.000014207 -30099.999996903 -30100.000024255 -30099.999982878 -30100.000003706 -30100.000051519 -30100.00000589 -30100.00002607 -30099.999998886 -30099.99997557 -30099.999979726 -30100.000004133 -30100.000007791 -30099.999995692 -30100.000004478 -30099.999997186 -30099.999979264 -30100.000009703 -30099.999999181 -30100.000008551 -30099.9999946 -30099.999997532 -30099.999996401 -30099.999991531 -30099.999996326 -30100.000020639
-30099.999967783 -30100.000001923 -30100.000010041 -30099.999996887 -30099.999986789 -30099.999993179 -30099.999984691 -30099.999986857 -30100.000000586 -30100.000011583 -30099.999993411 -30100.000008547 -30099.999999465 -30099.999999313 -30099.999996382 -30100.000008134 -30100.000010681 -30100.000009273 -30100.000002654 -30100.000011691 -30099.999986 -30099.999993214 -30099.999972555 -30099.999988622 -30100.00000429 -30100.000000512 -30099.99999748 -30100.000010564 -30099.999998712 -30099.999991841 -30099.999995421 -30099.999998546 -30100.00001271 -30099.999991379 -30100.000025169 -30099.999977797 -30099.999961488 -30099.999978807 -30099.999996869 -30100.000009658 -30100.00001193 -30100.000007928 -30099.999997813 -30099.999997394 -30099.999999388 -30100.000008361
-30099.999979011 -30099.999994128 -30100.000015584 -30099.999993566 -30100.00000427 -30100.000001643 -30099.999986794 -30099.999997719 -30100.000001855 -30100.000001774 -30099.999999742 -30100.000012731 -30100.000005478 -30099.999991578 -30099.999997074 -30099.999998175 -30100.000006742 -30100.000003924 -30100.000026047 -30099.999995438 -30099.999981329 -30100.000000073 -30100.000001729 -30100.000010146 -30099.999997946 -30100.000005351 -30099.999980689 -30100.000016382 -30099.999996383 -30100.000015478 -30100.000000238 -30100.000004707 -30100.000017325 -30100.000003743 -30100.000004161 -30099.999997269 -30100.000003426 -30099.999983239 -30100.000020711 -30100.000007091 -30100.000002246 -30100.000007707 -30099.999997042 -30099.999997598 -30099.999992265 -30099.999998187
-30099.999999704 -30100.000004372 -30100.000036708 -30099.999981616 -30099.99999827 -30100.000007126 -30099.999999405 -30100.000003641 -30100.000008416 -30100.000025041 -30099.99999602 -30100.000028235 -30099.999991435 -30099.999998329 -30099.999978425 -30099.999996855 -30100.000030129 -30099.999971319 -30100.000021891 -30099.999986951 -30100.000001872 -30099.999955559 -30099.999997113 -30100.000005414 -30100.00000343 -30100.000028525 -30099.99995736 -30099.999998829 -30099.99999856 -30099.999998202 -30100.000005963 -30099.999994052 -30100.0000341 -30100.000002665 -30100.00002051 -30099.999992555 -30099.999999392 -30099.99997283 -30100.00000064 -30100.000029841 -30100.000007226 -30100.000029636 -30100.000009474 -30099.999997969 -30099.999986839 -30099.999999462
-30100.000003705 -30100.000006745 -30100.00001127 -30099.99999856 -30099.999999034 -30099.999993747 -30099.999998381 -30099.999996068 -30100.000003217 -30100.000015357 -30099.999992261 -30099.999995597 -30100.000021903 -30099.999997852 -30100.000011594 -30100.000001651 -30100.000006582 -30099.99999805 -30099.99998892 -30099.999985567 -30100.000002094 -30100.000001066 -30099.999996788 -30100.000012679 -30099.99999498 -30099.999997843 -30099.999993209 -30099.999997373 -30100.000003391 -30100.0000011 -30100.000024043 -30100.000002668 -30100.000011665 -30099.999997864 -30100.000009299 -30099.999995137 -30100.000002601 -30100.000013488 -30100.000001396 -30100.00000201 -30099.999999795 -30100.000001285 -30099.999999543 -30099.999984357 -30099.999996785 -30099.999985079
-30099.999998965 -30099.999999964 -30100.000044238 -30099.999995033 -30099.999961299 -30100.000004077 -30099.999997245 -30099.999967201 -30099.999993075 -30100.00000683 -30100.000035521 -30100.00000335 -30099.999985236 -30099.999988613 -30100.000009279 -30099.999993262 -30100.000003829 -30100.000005861 -30100.000019776 -30099.99999519 -30100.000000975 -30099.999994293 -30099.99998661 -30100.000002928 -30099.999997629 -30100.000008678 -30099.999993262 -30099.999969873 -30099.99999659 -30100.000029084 -30099.999984215 -30100.000016094 -30100.000015963 -30100.000017137 -30100.000008803 -30100.000003464 -30099.999990177 -30099.999983786 -30100.000000003 -30100.000018519 -30100.000008765 -30100.000011776 -30099.999999563 -30099.999996842 -30099.999997031 -30099.999979201
-30099.999992899 -30100.000000753 -30100.000011386 -30099.99999366 -30100.000010066 -30099.999992556 -30100.000001366 -30099.99999663 -30099.99999886 -30100.000010044 -30099.999999104 -30100.000028361 -30099.9999964 -30099.99999686 -30099.999994899 -30099.999998134 -30100.000039099 -30099.999996621 -30099.999999912 -30099.999993054 -30100.000004187 -30099.999995061 -30100.000002588 -30099.999986382 -30100.000001591 -30100.000010087 -30099.999999236 -30099.999977653 -30099.999994004 -30100.000020012 -30099.999981999 -30100.000001265 -30100.000009643 -30100.000004696 -30100.000017388 -30100.000001986 -30100.00000727 -30099.999994897 -30099.999994441 -30100.000006893 -30100.000031645 -30100.00000704 -30099.999997539 -30099.999989493 -30100.00000287 -30100.000016213
-30099.999990522 -30099.999998335 -30099.999999206 -30100.000003302 -30099.999991405 -30099.999992736 -30099.999994008 -30099.999978817 -30099.999979886 -30100.000018885 -30099.999995253 -30100.000002177 -30100.000008282 -30099.999983748 -30099.999984625 -30099.999999606 -30100.000029243 -30099.999992316 -30100.000010355 -30099.999994585 -30099.999985562 -30099.999997092 -30100.000020451 -30099.99999992 -30099.999990925 -30100.000011429 -30099.999994649 -30099.999986085 -30100.000001801 -30099.999972756 -30100.000000243 -30100.000005807 -30100.000032615 -30099.999995295 -30100.000029515 -30099.999995201 -30100.000013249 -30099.999992721 -30099.999998037 -30100.000003353 -30100.000004708 -30100.000047849 -30099.999989489 -30099.999989544 -30099.999996167 -30100.000005961
-30099.999980719 -30100.000035167 -30100.000007136 -30099.999994089 -30100.000013168 -30099.999993048 -30099.999986423 -30099.999983782 -30100.000001737 -30100.000032754 -30100.000001849 -30100.000024721 -30099.999988591 -30099.999966908 -30099.9999972 -30100.000004553 -30100.00000562 -30099.999995193 -30100.000007163 -30099.999993595 -30100.000001525 -30100.000002249 -30099.999987956 -30100.000003294 -30100.000009358 -30100.000014431 -30100.000007725 -30099.999998938 -30099.999992712 -30099.999999021 -30100.000005738 -30099.999996438 -30100.00000351 -30099.999994852 -30100.000013877 -30100.000007741 -30099.999975121 -30099.999998739 -30100.000001158 -30100.000007748 -30099.999994967 -30100.000011922 -30099.99999553 -30099.999961759 -30099.999996907 -30100.00001452
