Test data_DRK/Large and small mount/Mohod_depth_add30km_final_S20km.grd
DSAA
511 251
-5100000 5100000
-2500000 2500000
-81047.000018452 -30000.999916246
[rows 220 to 239 of 251, columns 276 to 321 of 511]
-30099.999971595 -30100.000007969 -30099.999992146 -30100.000009907 -30099.999994085 -30100.000001067 -30099.999996501 -30099.999996295 -30100.000001478 -30099.999977244 -30100.000002307 -30099.999964304 -30100.000004198 -30099.999979213 -30100.000010706 -30100.000010274 -30099.999985309 -30099.999997463 -30099.999999961 -30100.000009758 -30100.000006838 -30099.999994732 -30099.999999616 -30100.000013919 -30099.99999464 -30099.999999476 -30100.000000027 -30100.000007247 -30099.999985921 -30099.999999802 -30099.999997794 -30100.000001564 -30100.000005288 -30099.999998264 -30099.999998399 -30100.000023005 -30099.999999044 -30099.999998149 -30099.999995623 -30100.00001218 -30100.000005533 -30099.999999415 -30099.999996836 -30100.00000002 -30100.000005003 -30099.999995973
-30100.000003033 -30099.999984147 -30100.000004768 -30100.000018696 -30099.999996099 -30100.000003324 -30100.000009173 -30099.999986929 -30100.000002718 -30100.000012804 -30100.000000875 -30099.999988768 -30100.000000066 -30100.000014021 -30099.999995408 -30100.000013861 -30099.999982604 -30099.99999976 -30099.999998245 -30100.000022304 -30100.0000099 -30099.999998632 -30099.999999962 -30100.000006377 -30099.99998389 -30099.999997633 -30099.999996972 -30099.999963546 -30099.99999381 -30099.999995845 -30099.999998568 -30099.999998758 -30100.00000332 -30099.999999311 -30099.999999463 -30099.999996423 -30100.000001659 -30099.999995241 -30099.999996094 -30100.000016146 -30100.000026472 -30099.999997538 -30100.000000015 -30099.9999876 -30100.00000327 -30099.999997612
-30099.999990779 -30099.999999717 -30100.000039805 -30099.999998225 -30100.000002053 -30099.999994607 -30099.999993896 -30099.999994375 -30100.000001287 -30099.999999022 -30100.000002977 -30099.999999663 -30100.000003075 -30099.9999996 -30099.999992157 -30100.000010671 -30100.000012321 -30099.999917617 -30099.999974422 -30100.000012322 -30100.00001006 -30099.999982726 -30100.000010078 -30100.000008125 -30100.000028898 -30099.999997071 -30100.000009719 -30100.000009792 -30100.000011297 -30099.999919637 -30100.000005144 -30100.000011096 -30100.000003881 -30100.000002127 -30100.000014324 -30100.000010799 -30100.000016523 -30100.000002743 -30100.00000744 -30100.000014756 -30100.000039804 -30099.999979387 -30100.000013605 -30100.000031682 -30100.000005959 -30099.999924531
-30099.999993254 -30099.999993095 -30099.999983128 -30099.999992801 -30100.00000727 -30099.999995965 -30100.000002555 -30100.000003859 -30100.00000361 -30099.999995563 -30100.000001189 -30100.000007459 -30100.00001235 -30100.000003189 -30099.999999156 -30100.000002403 -30100.000021454 -30099.999996779 -30100.000001821 -30100.00000308 -30099.999998787 -30099.999971942 -30099.99999233 -30100.000034036 -30100.000011423 -30099.999991402 -30100.00000021 -30100.000042964 -30100.000019116 -30100.000000865 -30099.999997625 -30100.000013065 -30100.00000375 -30099.999981769 -30099.999998738 -30100.000015012 -30100.000003014 -30100.000006872 -30099.999995582 -30100.000005354 -30099.999994279 -30099.999981908 -30100.000007014 -30099.999998756 -30099.99999522 -30099.999998011
-30100.000005075 -30099.999996389 -30099.999998129 -30100.000016636 -30099.999999813 -30099.999986299 -30100.000004931 -30099.999996732 -30100.00000513 -30100.000027605 -30100.000003881 -30100.000020351 -30099.999998542 -30099.999999332 -30100.000007801 -30100.0000439 -30100.000011958 -30099.99999942 -30099.99999944 -30100.000021686 -30099.999994707 -30099.999998733 -30099.99999909 -30100.000015779 -30099.999987029 -30099.999998626 -30099.999995051 -30100.000003741 -30099.999975667 -30099.999998338 -30099.999995046 -30099.99999999 -30100.000000926 -30099.999999141 -30099.999993099 -30100.000005097 -30099.999992433 -30099.99999989 -30099.999996135 -30099.999995752 -30099.999996766 -30099.99999601 -30099.999997455 -30099.999988614 -30100.000000513 -30099.999999719
-30100.000001374 -30100.000008154 -30099.999997513 -30099.999993963 -30100.000005657 -30100.000001365 -30099.999999412 -30099.999996329 -30099.999997063 -30099.999976941 -30100.000006615 -30099.999975979 -30100.000010647 -30099.999985606 -30100.000003216 -30100.000012839 -30099.999968428 -30099.99999927 -30099.999999919 -30100.00000397 -30100.000009994 -30099.999997881 -30099.999995731 -30100.00000251 -30099.999999903 -30099.999994736 -30099.999998846 -30100.000012402 -30100.000008692 -30099.99999979 -30099.999999554 -30099.999998036 -30100.000003032 -30099.999997932 -30099.999998872 -30100.000002051 -30099.999985084 -30099.999995252 -30099.999993636 -30099.999998284 -30100.000005573 -30099.999996171 -30099.999995915 -30100.000016642 -30099.999999948 -30099.999992482
-30099.999999565 -30099.99999906 -30100.000017733 -30100.000012613 -30100.000023681 -30099.999989684 -30099.999995574 -30099.999991201 -30099.999993242 -30100.000010495 -30100.000003205 -30099.999967797 -30100.000000309 -30099.999984311 -30099.999998128 -30100.00004988 -30099.999976515 -30099.999997944 -30099.999996177 -30100.000008973 -30100.000016135 -30099.999998232 -30099.999999415 -30100.000008197 -30099.999980084 -30099.999998275 -30099.999999289 -30100.00000551 -30099.99998258 -30100.000000017 -30100.000001865 -30100.000022126 -30099.999999812 -30099.999997899 -30099.999998995 -30100.000007752 -30100.000007346 -30099.99999767 -30099.999998455 -30100.000005044 -30099.999997157 -30099.999999987 -30099.999999767 -30100.00001297 -30100.000001889 -30099.999999765
-30100.000001717 -30099.999983014 -30099.999983148 -30099.999963173 -30099.999991335 -30099.999989844 -30100.00000052 -30099.999981062 -30100.000017523 -30099.999977578 -30100.000015749 -30100.0000023 -30099.999987866 -30100.000014783 -30099.999994252 -30099.999999511 -30100.000002986 -30099.999999565 -30099.999993537 -30100.000010396 -30099.999969002 -30099.999994149 -30099.999999574 -30100.000011365 -30099.999981586 -30099.999998968 -30099.999999074 -30100.000017575 -30099.999982267 -30099.999992549 -30099.999998768 -30099.999997843 -30100.000000916 -30099.999998984 -30099.999999548 -30100.000007965 -30099.999991612 -30099.99999868 -30099.999997573 -30100.000007078 -30100.000000874 -30099.999998921 -30099.999997223 -30100.000011928 -30099.999998397 -30099.99999978
-30100.0000037 -30099.999984836 -30099.999977701 -30099.999966624 -30099.999973578 -30100.000019573 -30099.999996731 -30099.999990165 -30100.000005774 -30100.000009953 -30100.000002117 -30099.999987304 -30100.000004277 -30099.999985314 -30100.000008179 -30100.000002563 -30100.000001121 -30099.999991366 -30099.999998523 -30100.00000074 -30099.999999101 -30099.999999383 -30099.999991482 -30100.0000012 -30099.999997809 -30099.999999491 -30099.99999412 -30100.000009019 -30099.99997901 -30099.999996215 -30099.999998813 -30099.99999624 -30099.999996666 -30099.999998244 -30099.99999823 -30100.00001994 -30099.999998445 -30099.999998847 -30099.999999605 -30099.999992604 -30100.000001758 -30099.999998723 -30099.999999645 -30099.99997505 -30100.000000574 -30099.999998953
-30099.999983425 -30099.999996955 -30099.999997655 -30099.999997364 -30100.000033856 -30099.999995934 -30100.000005213 -30099.999994541 -30100.000006299 -30099.99999971 -30100.000001527 -30099.999999735 -30100.000003816 -30099.999995039 -30100.000007338 -30100.000010058 -30100.000010825 -30099.999942345 -30099.99994698 -30100.00000903 -30100.000010873 -30099.999948431 -30099.99999449 -30100.000041089 -30100.000008365 -30100.000004739 -30100.000006476 -30100.000008623 -30100.000008591 -30099.999956548 -30099.999989746 -30100.000013045 -30100.00000795 -30100.000002349 -30100.000005756 -30100.000012142 -30100.000007117 -30099.999922602 -30100.000017174 -30100.000009038 -30099.999986842 -30099.999921345 -30100.000002223 -30100.000010288 -30100.00000841 -30099.999948764
-30100.000000713 -30099.999996061 -30100.000010178 -30099.999992323 -30100.000002781 -30099.999995123 -30100.000002486 -30099.99999419 -30099.999995224 -30099.999995789 -30100.000002128 -30099.999984358 -30100.000003188 -30099.99998917 -30099.999996709 -30100.000012105 -30100.000006722 -30099.999997926 -30099.999994656 -30100.000027974 -30100.000027952 -30099.999994195 -30100.000022201 -30100.000014948 -30100.000021757 -30099.999996891 -30099.999995077 -30100.0000086 -30100.000014384 -30100.0000041 -30099.999995364 -30100.000009327 -30099.999986092 -30100.00000119 -30100.000010046 -30100.000012932 -30099.999980207 -30100.000008077 -30100.000003992 -30100.000005286 -30100.000000448 -30100.000020201 -30099.999997794 -30100.000014268 -30099.99999212 -30099.999998434
-30099.999998512 -30099.999977996 -30099.999998812 -30099.999996156 -30100.000017416 -30099.999997412 -30100.000001358 -30099.999991458 -30100.000001169 -30100.000006274 -30100.000004524 -30099.999971667 -30100.000006279 -30100.000001107 -30100.000004421 -30100.000010616 -30100.000029957 -30099.999998256 -30099.999998188 -30100.000015637 -30099.999993549 -30099.999998859 -30099.999999978 -30100.000018281 -30100.000000021 -30099.999999728 -30099.999999949 -30100.000005933 -30099.999984764 -30099.999995109 -30099.999999145 -30100.000012931 -30099.999998443 -30099.999995497 -30099.999996144 -30100.000004934 -30099.99999836 -30099.999994959 -30099.999996464 -30099.999982925 -30100.000002867 -30099.999996581 -30099.999995634 -30100.000006554 -30100.0000021 -30099.999999816
-30100.000000463 -30100.000002658 -30100.000009914 -30100.000005583 -30100.000004998 -30100.000002716 -30099.99999921 -30099.999996708 -30100.00000627 -30100.000005449 -30099.999998526 -30099.999974972 -30099.999989854 -30099.999977327 -30100.000001366 -30100.000026704 -30099.999998304 -30099.999998939 -30099.999995453 -30100.000016241 -30099.999998427 -30099.999996007 -30099.999995161 -30100.000013731 -30099.999984422 -30099.999994966 -30099.999993226 -30100.000014414 -30099.999988365 -30099.999999495 -30099.999999853 -30099.999998458 -30100.000001014 -30099.999995395 -30099.999999127 -30100.000012332 -30100.000002437 -30099.99999918 -30099.99999971 -30099.999961925 -30100.000001673 -30099.999999618 -30099.999996632 -30100.000018057 -30099.999988563 -30099.99999896
-30100.000003223 -30099.999992857 -30100.000007718 -30099.999961287 -30100.000000479 -30100.000023529 -30100.000004885 -30100.000009473 -30100.00000977 -30099.999968667 -30100.000003595 -30099.999969023 -30099.999999587 -30100.000022259 -30100.000003696 -30100.00003877 -30099.999977058 -30099.999999898 -30099.999995755 -30100.000009714 -30100.000014448 -30099.999996405 -30099.999999939 -30100.000011944 -30100.000000391 -30099.999998885 -30099.999999442 -30100.000006377 -30099.999999501 -30099.999998749 -30099.99999925 -30100.000012504 -30100.000003774 -30099.999999087 -30099.999998423 -30100.000010642 -30100.000002702 -30099.999997958 -30099.999999249 -30100.000016606 -30099.999999526 -30099.99999563 -30099.999999573 -30100.000000027 -30100.00000291 -30099.999999753
-30100.000002892 -30100.000024544 -30100.000002945 -30100.000026254 -30099.999996865 -30099.999996865 -30100.000007308 -30099.999980974 -30099.999999089 -30100.000002849 -30100.000012592 -30100.000004544 -30099.99998977 -30100.000001757 -30100.000003265 -30100.000008439 -30099.999979364 -30099.999999648 -30099.999998764 -30100.000013541 -30100.000003543 -30099.999994958 -30099.999997999 -30100.000009934 -30099.999999228 -30099.999999398 -30099.999998983 -30100.000016946 -30099.999966625 -30099.99999631 -30099.999998895 -30100.000006544 -30100.000003855 -30099.999999182 -30099.999999503 -30100.000014589 -30099.999998081 -30099.999994687 -30099.999999229 -30100.000009782 -30100.000008275 -30099.999999818 -30099.999996453 -30099.99999499 -30100.000015524 -30099.999996109
-30100.000001711 -30099.999988099 -30100.000003335 -30100.000007737 -30100.000000631 -30099.999999088 -30100.000003277 -30100.000022826 -30099.999981475 -30100.000002426 -30099.999992178 -30099.999966407 -30099.999997001 -30100.000012115 -30099.999996248 -30100.000008226 -30099.999977157 -30099.999999755 -30099.999999688 -30100.000022899 -30099.999987688 -30099.999996683 -30099.999993388 -30100.000014249 -30099.999974023 -30099.999994724 -30099.999999695 -30099.99996492 -30099.999994938 -30099.99999362 -30099.999995861 -30100.000012957 -30100.000000758 -30100.000000016 -30099.99999516 -30100.000014315 -30099.999998478 -30099.999998916 -30099.999998828 -30099.999998655 -30100.000000537 -30099.999998797 -30099.999996546 -30099.999993679 -30100.000016507 -30099.999998791
-30100.000010052 -30100.000022858 -30100.000001341 -30099.999968632 -30099.999999304 -30099.999996094 -30099.999999813 -30099.999974964 -30099.99997712 -30100.000002061 -30100.000002782 -30099.999997582 -30100.000008888 -30100.000008649 -30100.000012998 -30100.000006945 -30099.999983223 -30099.999998228 -30099.999999543 -30100.000019276 -30099.999980801 -30099.999998929 -30099.999999529 -30100.000013779 -30099.999992505 -30099.99999948 -30099.999996101 -30100.000004151 -30099.999986995 -30099.99999497 -30099.999999288 -30099.99996192 -30099.999986075 -30100.000000116 -30099.999995401 -30100.000011741 -30099.999994888 -30099.999998341 -30099.999999317 -30099.999989003 -30099.999997223 -30099.999995805 -30099.999998015 -30100.000009652 -30099.999948712 -30099.999998956
-30100.000004822 -30099.999998053 -30100.000004046 -30099.999999132 -30100.000002058 -30099.999993154 -30099.9999988 -30099.999998843 -30100.000020689 -30099.999999447 -30100.000001406 -30099.999999313 -30100.000010613 -30099.999997929 -30100.000000376 -30100.000031779 -30100.000010761 -30099.999950545 -30099.999976873 -30100.000012298 -30100.000007713 -30100.000011758 -30100.000004245 -30100.000008649 -30100.000010211 -30099.999984054 -30100.000006359 -30100.000006959 -30100.000012997 -30099.999911487 -30100.000004536 -30100.000016568 -30100.000003098 -30100.000000331 -30100.000016353 -30100.000010839 -30100.000003942 -30099.999987225 -30099.999973358 -30100.000009875 -30099.999976521 -30100.000001811 -30099.999996772 -30100.000016893 -30100.000010526 -30100.000000432
-30100.000009088 -30099.9999843 -30099.999995006 -30100.000012556 -30100.000008663 -30099.999994933 -30100.00000282 -30099.999996952 -30099.999987187 -30099.999994932 -30099.999999198 -30099.99999986 -30100.000000751 -30100.000000152 -30099.999999885 -30100.000019348 -30100.000014303 -30099.999997677 -30099.999985934 -30099.999999174 -30100.000005728 -30099.999985885 -30099.999991595 -30100.0000052 -30100.000014208 -30099.999995544 -30099.999999678 -30100.000012652 -30100.000019884 -30099.999979341 -30100.00000416 -30100.000014085 -30100.000006615 -30100.000005342 -30100.000003632 -30100.000011167 -30099.99998774 -30100.000000694 -30100.000049229 -30100.000012218 -30099.999996041 -30099.999992782 -30100.000006723 -30100.000003483 -30099.999988931 -30099.999984708
-30100.00000339 -30099.999983023 -30100.000004819 -30099.999993842 -30099.99999934 -30099.999990708 -30100.000003014 -30099.999989396 -30100.000006968 -30099.999969932 -30100.000002172 -30099.999979713 -30099.999996749 -30099.999999693 -30099.999997871 -30100.000025535 -30100.000042901 -30099.999999539 -30099.999999901 -30100.000014044 -30099.999985892 -30099.999999051 -30099.999999055 -30100.000016038 -30100.000008933 -30100.000000268 -30099.999996454 -30099.999992062 -30099.999985272 -30099.999998031 -30099.999998275 -30100.000016932 -30100.0000028 -30099.999997012 -30099.999999283 -30100.00001209 -30100.000005237 -30099.999995738 -30099.999999755 -30099.999993705 -30099.999996326 -30099.999999704 -30099.999999744 -30100.000006672 -30100.000011136 -30099.999999557
