Test data_DRK/Large and small mount/Mohod_depth_add30km_final_S20km.grd
DSAA
511 251
-5100000 5100000
-2500000 2500000
-81047.000018452 -30000.999916246
[rows 160 to 179 of 251, columns 138 to 183 of 511]
-30100.0000169 -30100.000001669 -30099.999991071 -30100.000004557 -30100.000034701 -30099.999996811 -30100.000003922 -30100.000011379 -30100.000015636 -30100.000004103 -30100.000002355 -30100.000005903 -30100.000035913 -30099.999996861 -30100.000009494 -30100.000015156 -30100.000010776 -30099.999991524 -30100.000002383 -30100.00002601 -30100.000000076 -30100.0000064 -30099.999995037 -30100.000012456 -30099.999995609 -30099.99999595 -30099.999994697 -30100.000004329 -30099.999991045 -30099.999996124 -30100.000009893 -30100.000015948 -30099.99999839 -30100.0000057 -30100.000011694 -30100.000026226 -30099.99999419 -30099.999982831 -30100.000009688 -30100.000015641 -30100.000008345 -30100.000005472 -30100.000001592 -30099.999996874 -30099.999996253 -30099.999998875
-30099.999994682 -30100.000002979 -30100.000021999 -30099.999951331 -30100.000013445 -30099.999994813 -30099.999977139 -30100.000013252 -30100.000030123 -30099.999932003 -30099.999924292 -30099.999941077 -30100.000010969 -30099.999993921 -30099.999996186 -30099.999994791 -30099.999961051 -30100.000009452 -30099.999945949 -30099.999978069 -30100.000028608 -30100.000002155 -30099.999992027 -30099.999991991 -30099.999996347 -30100.000034128 -30099.999961628 -30100.000009773 -30099.999997851 -30100.000002304 -30100.000025216 -30099.999992393 -30100.000040373 -30099.999930274 -30099.999923886 -30099.999997664 -30099.999996859 -30100.000006446 -30099.999996499 -30099.999995088 -30099.999986267 -30099.999949803 -30100.000003097 -30099.999983582 -30099.999985757 -30100.000002554
-30003.000010708 -30099.99999584 -30099.999998152 -30099.999993299 -30100.000033356 -30099.99999648 -30099.999994072 -30099.999999555 -30100.000015788 -30099.99999732 -30100.000003732 -30099.999999085 -30100.000017602 -30099.999996277 -30099.999999344 -30100.000015752 -30100.000018915 -30099.999997678 -30099.999984734 -30100.000034227 -30099.999993001 -30099.999994589 -30100.000009533 -30100.000007318 -30099.999996291 -30099.999999903 -30099.999992711 -30100.000037397 -30099.999995299 -30100.000001145 -30100.000006371 -30100.000015159 -30100.000003745 -30099.999988164 -30099.999959027 -30100.000027179 -30099.999996054 -30099.999992378 -30100.000000536 -30100.00001465 -30100.000003102 -30100.000007388 -30099.999994139 -30100.000033374 -30099.999997472 -30099.999984951
-30009.000027653 -30002.999999556 -30099.999995758 -30099.999997989 -30099.99996665 -30099.999996539 -30100.000000104 -30100.000010893 -30099.99998492 -30099.999993636 -30099.999996714 -30099.999998921 -30100.000013015 -30099.999996121 -30100.000000024 -30099.99999057 -30100.000001069 -30099.999998231 -30099.99999938 -30100.000015063 -30100.000012933 -30099.999999419 -30100.000014746 -30099.999990355 -30099.999995647 -30100.000000087 -30099.999999195 -30100.000003337 -30100.000000075 -30099.999991664 -30099.999990137 -30099.999989165 -30099.999996138 -30099.999999093 -30099.999997357 -30100.000001681 -30099.999996065 -30099.999998118 -30099.999997631 -30099.999990043 -30099.999994736 -30100.00000022 -30099.999999231 -30100.000007464 -30100.000005382 -30099.999998102
-30013.999974899 -30008.999992123 -30002.999997102 -30099.999999859 -30099.99997695 -30099.999996367 -30099.99999657 -30099.999987976 -30099.999973418 -30099.999999491 -30099.99999531 -30099.999999932 -30100.000032186 -30099.9999958 -30099.999995149 -30099.999977394 -30099.999998384 -30099.999999682 -30099.999999093 -30100.000021966 -30099.999958507 -30099.999995834 -30099.999977158 -30100.000033046 -30100.000011131 -30100.000000651 -30099.999999129 -30100.000000263 -30099.999999891 -30099.999994054 -30099.999999432 -30099.999996091 -30099.99999654 -30099.999999336 -30099.999999573 -30100.00001803 -30099.999997754 -30099.999997413 -30099.999990701 -30099.99998577 -30099.999997294 -30099.999994903 -30099.999999148 -30100.000014423 -30100.000001312 -30099.999998741
-30017.999995094 -30013.999929558 -30009.000028749 -30002.999992205 -30099.999996529 -30099.999995894 -30100.000006411 -30100.000013703 -30099.999993125 -30099.999920651 -30099.999976401 -30099.999945311 -30100.000021919 -30099.999991324 -30100.000002438 -30099.999994714 -30099.999991517 -30099.999936053 -30100.000041922 -30100.000008366 -30099.99999894 -30100.000044073 -30100.000003583 -30099.999994623 -30099.999996989 -30099.999980718 -30099.999929288 -30099.999975537 -30100.000002901 -30100.00000826 -30099.999993081 -30100.000018552 -30099.999938495 -30099.999954976 -30100.000009226 -30100.000005638 -30099.999997135 -30099.99996301 -30099.999963486 -30100.000000212 -30100.000013162 -30100.000016077 -30100.000001139 -30099.999995628 -30100.000005648 -30099.999990398
-30020.999996885 -30017.999999642 -30013.999990197 -30008.99999512 -30003.000031339 -30099.999999389 -30099.99999934 -30100.000013766 -30100.000003581 -30099.999995254 -30099.999983671 -30100.000004375 -30100.000026465 -30099.999998704 -30100.000002169 -30100.000021778 -30100.000004773 -30099.999967042 -30099.999998394 -30100.000012736 -30099.999992346 -30099.999995828 -30100.000017537 -30100.000018983 -30100.00001928 -30099.999998635 -30100.000024959 -30100.000039927 -30100.000004327 -30099.999990649 -30100.000011296 -30100.000012865 -30099.999999862 -30099.999996505 -30100.000008658 -30100.000029861 -30099.99999635 -30099.999993584 -30100.000015033 -30100.000010294 -30100.000003194 -30099.999995542 -30099.999989408 -30099.999997377 -30099.999993621 -30099.9999944
-30022.999982479 -30020.999994967 -30017.999996605 -30013.999991197 -30009.000017326 -30002.999987752 -30099.999998943 -30099.999989239 -30100.000009563 -30099.999998341 -30099.999996062 -30100.00000008 -30100.000012954 -30099.999994901 -30099.99999869 -30099.999982221 -30099.999992056 -30099.999998942 -30099.999998099 -30100.000000524 -30100.000005601 -30099.9999989 -30099.999992239 -30099.999982226 -30100.000020642 -30099.999994053 -30099.999999093 -30099.999984957 -30099.99998087 -30099.999999738 -30100.000003276 -30099.999986528 -30099.999999892 -30099.999997278 -30099.999998624 -30100.000015036 -30099.999996512 -30099.999995091 -30100.000016624 -30099.999983895 -30099.999998119 -30099.99999847 -30099.999999829 -30100.000025253 -30099.999995526 -30099.999999124
-30025.000005773 -30022.999997402 -30020.999999607 -30018.000000166 -30013.999955272 -30009.999996236 -30003.999999284 -30099.999984983 -30100.000003308 -30099.999995353 -30099.999999911 -30099.999998277 -30100.000009943 -30100.000001527 -30099.99999915 -30100.000001441 -30099.999994897 -30099.999995513 -30099.999999066 -30100.000015408 -30099.99999543 -30099.999996313 -30099.999981221 -30099.999995782 -30099.999995864 -30099.999999524 -30099.999999351 -30100.000003165 -30099.999993724 -30099.999997355 -30100.000000263 -30099.999974891 -30099.999999488 -30099.999994794 -30099.999996085 -30100.000008179 -30099.999995099 -30099.999997963 -30099.99997579 -30100.000000926 -30100.000000106 -30099.999993187 -30099.999998558 -30100.000010233 -30099.999996038 -30099.999996581
-30025.999997741 -30024.999921992 -30023.999947647 -30020.99998168 -30018.000010082 -30014.999995992 -30010.999954883 -30005.999991779 -30099.999987429 -30099.9999719 -30099.999925321 -30099.999988551 -30099.99998743 -30099.999995645 -30099.999952684 -30099.999975102 -30099.999993705 -30099.999990613 -30099.999934514 -30100.000010204 -30099.999994989 -30100.000002788 -30099.999996559 -30100.000018991 -30100.000030476 -30100.000007069 -30099.999930042 -30100.000011261 -30099.999992846 -30099.999956743 -30099.999993526 -30099.999998516 -30099.999946969 -30100.000002063 -30100.000029153 -30100.000011198 -30100.000008673 -30099.999920028 -30099.999994561 -30099.999969976 -30100.00000269 -30099.999933604 -30100.000011113 -30100.000008472 -30099.999990116 -30100.000001781
-30027.000005383 -30026.000005088 -30024.999988556 -30024.000001039 -30021.999990702 -30018.999992458 -30015.999993139 -30012.000028381 -30007.000029074 -30002.000007236 -30099.999995214 -30099.999972561 -30100.000018217 -30099.99999667 -30099.999975959 -30100.000011853 -30100.000005117 -30100.000000661 -30100.000015769 -30100.000031689 -30099.999998641 -30099.999986266 -30100.000006322 -30099.999998189 -30100.000004213 -30099.999997881 -30099.999990012 -30100.00000567 -30099.999989749 -30099.99999323 -30100.000008249 -30100.000015049 -30099.999992752 -30099.999995505 -30099.999991639 -30100.00003129 -30099.999998786 -30100.000005037 -30100.000009062 -30099.99999106 -30099.999999434 -30099.99999474 -30100.000003111 -30100.000033014 -30100.000000877 -30099.999984326
-30027.000003048 -30026.999998857 -30025.999997736 -30024.999998831 -30024.000042565 -30022.000004944 -30019.999999724 -30016.999990496 -30013.000037931 -30008.999999603 -30003.999996962 -30099.999999639 -30099.999991629 -30099.999994617 -30099.999999382 -30099.99998972 -30099.999990954 -30099.999995389 -30099.999998553 -30099.999997175 -30099.999999185 -30099.999998161 -30099.999989062 -30100.000023558 -30100.000004623 -30099.999999091 -30099.999999185 -30099.999995971 -30099.99999462 -30099.99999759 -30099.99997649 -30100.000028027 -30099.999999701 -30099.999996755 -30099.999999597 -30099.999996637 -30099.999999751 -30099.999995579 -30099.999984857 -30100.000030461 -30099.999995395 -30099.999999649 -30099.999995601 -30099.99999915 -30100.000000435 -30099.999996182
-30027.000040953 -30026.999998446 -30026.999999011 -30026.999998634 -30026.000041899 -30023.999999767 -30023.000000698 -30020.000023263 -30018.000002787 -30014.999999606 -30010.999995517 -30005.999996227 -30000.99998485 -30100.000000089 -30099.999998693 -30100.000019427 -30100.000005416 -30099.9999989 -30099.999999343 -30100.000005804 -30099.999994706 -30099.999995627 -30099.99999694 -30100.00002491 -30099.999984895 -30099.999999718 -30099.999999479 -30100.000016435 -30100.000001195 -30099.999995588 -30099.999976548 -30099.999994984 -30099.999999777 -30099.999996937 -30099.999992913 -30100.000003511 -30099.999994304 -30099.999995198 -30100.000026165 -30099.999990308 -30099.999995668 -30099.999998797 -30099.999995029 -30099.999998342 -30099.999990256 -30099.999998737
-30026.999988412 -30026.999980837 -30026.999942313 -30027.000002395 -30027.000003908 -30025.999996372 -30025.000011159 -30022.999994241 -30020.999989293 -30018.999929981 -30016.00000463 -30012.999938414 -30009.00001037 -30003.999997761 -30099.999933067 -30099.999994629 -30099.999990655 -30100.000002771 -30099.999960895 -30100.000014408 -30099.999994447 -30099.999946392 -30099.99999247 -30100.000036622 -30099.99998759 -30099.999947252 -30099.999924219 -30099.999989005 -30099.999994071 -30099.999919592 -30099.999990747 -30099.999997897 -30099.999954089 -30099.99998191 -30100.00000244 -30099.999984497 -30099.999993893 -30099.9999922 -30099.999990099 -30099.99999092 -30099.999923413 -30099.999939219 -30100.000032221 -30099.99998011 -30100.000001372 -30099.999987686
-30026.000017385 -30026.000006244 -30027.000007096 -30027.000003067 -30026.999980823 -30027.00000466 -30025.999980125 -30025.000013595 -30024.00001854 -30021.999987729 -30019.999995676 -30017.999989989 -30014.999968411 -30010.999991694 -30006.999999386 -30003.000028615 -30100.000010341 -30100.000004857 -30099.999993777 -30100.000017037 -30100.00000154 -30100.000001448 -30100.000003313 -30100.000014271 -30100.000014687 -30100.000006033 -30099.999999691 -30100.000011943 -30099.999999028 -30099.999985663 -30100.000005312 -30100.000014112 -30099.999993676 -30099.999997568 -30099.999995164 -30100.000011514 -30100.00000082 -30100.000002616 -30100.000017283 -30100.00001861 -30099.999997603 -30100.000004871 -30100.000003443 -30100.000035473 -30100.000003767 -30099.999995943
-30024.999984784 -30025.999999556 -30025.99999446 -30026.999995802 -30027.000004415 -30026.999996433 -30026.999999461 -30027.000003012 -30026.000004852 -30024.99999972 -30022.9999937 -30020.999998858 -30018.999993848 -30016.999991884 -30014.000000557 -30010.000000279 -30006.999994715 -30002.999997145 -30099.999998053 -30099.999979883 -30099.999996652 -30099.99999931 -30100.000005686 -30100.000003872 -30100.00002163 -30099.999995206 -30099.999998016 -30099.999997893 -30099.999996407 -30099.999997952 -30099.999996609 -30099.999977438 -30099.999997703 -30099.999999639 -30099.999998005 -30099.999995162 -30099.999979441 -30099.999995981 -30099.999993617 -30100.000025042 -30099.99999494 -30099.999997048 -30099.999999363 -30100.000016555 -30100.000003692 -30099.999999446
-30023.000037393 -30023.999996177 -30024.999997048 -30025.999993915 -30027.00000143 -30026.999999579 -30027.000000738 -30027.000030846 -30027.000053587 -30025.999999293 -30024.999995469 -30023.999999612 -30022.999993221 -30020.999999039 -30018.999998421 -30015.999967807 -30013.000038294 -30009.999998535 -30007.000000022 -30002.999981583 -30100.00000029 -30099.999993533 -30100.000011379 -30100.000010116 -30099.999979439 -30099.999999369 -30099.999994364 -30100.000010037 -30100.000000177 -30100.000000745 -30100.000009914 -30099.999990544 -30099.999998523 -30099.99999605 -30099.999999458 -30100.000026429 -30099.999996096 -30099.999999639 -30100.000026523 -30099.999986491 -30099.999996236 -30100.000000782 -30099.999997733 -30100.000009003 -30100.00000021 -30099.999994444
-30021.999990832 -30023.000001739 -30023.999956911 -30025.000037311 -30026.000044204 -30026.000012629 -30026.999934508 -30026.999994257 -30026.999994998 -30026.99991964 -30026.999942195 -30025.999926448 -30025.000041546 -30023.999992461 -30022.000023749 -30019.999992228 -30018.000024012 -30015.999929975 -30013.9999439 -30010.999999818 -30007.99999728 -30004.000001917 -30000.999998953 -30099.999991425 -30100.000023994 -30100.000004228 -30100.000003886 -30099.999995844 -30099.999997563 -30099.999997907 -30100.000041676 -30099.999995976 -30100.000039618 -30099.999953265 -30100.000020171 -30099.999979884 -30100.000000034 -30099.999974243 -30099.999990968 -30100.000004763 -30099.999929796 -30100.000012455 -30100.000007539 -30100.000014707 -30099.999999596 -30100.00001368
-30021.000016987 -30021.99999964 -30022.999987048 -30024.000014704 -30025.000006687 -30025.9999974 -30025.99999016 -30026.999992894 -30027.000016664 -30027.000005217 -30027.00000239 -30026.999995949 -30025.999986348 -30025.999999568 -30024.999997854 -30024.000008681 -30022.000020214 -30019.999997907 -30019.000006015 -30016.999980257 -30013.999994895 -30012.000004071 -30009.000011112 -30006.000007505 -30002.999994908 -30000.999990583 -30100.000010757 -30099.999966644 -30099.999994048 -30099.999997456 -30100.000003029 -30100.000016017 -30099.999997546 -30099.999997113 -30099.999990699 -30100.000042585 -30100.000005158 -30100.000001198 -30100.00001055 -30100.000008673 -30100.00000512 -30099.999982009 -30100.000002091 -30100.000013869 -30099.999993841 -30099.999992054
-30018.999994573 -30019.99999503 -30020.999993892 -30021.999995009 -30023.999990893 -30023.999995787 -30024.999999767 -30026.000009082 -30026.000026533 -30026.999996057 -30026.999999066 -30026.999998899 -30026.999995101 -30026.999998828 -30025.999995353 -30026.000018314 -30025.000014031 -30023.999993584 -30021.999996492 -30020.999993841 -30018.999993908 -30016.999996307 -30015.00004239 -30013.00002182 -30010.999975818 -30008.999994352 -30006.999999022 -30003.999981623 -30001.999992644 -30099.999992455 -30099.999992112 -30099.999992254 -30099.9999994 -30099.999999061 -30099.999998444 -30099.999990715 -30099.999997834 -30099.999999711 -30099.999997233 -30100.000006192 -30099.999999959 -30099.999997699 -30099.999995788 -30100.000011461 -30100.000007251 -30099.999999975
