Test data_DRK/Large and small mount/Mohod_depth_add30km_final_S20km.grd
DSAA
511 251
-5100000 5100000
-2500000 2500000
-81047.000018452 -30000.999916246
[rows 120 to 139 of 251, columns 414 to 459 of 511]
-30057.999998334 -30075.000025107 -30093.999997029 -30114.999973701 -30138.999988869 -30165.999993901 -30195.99998765 -30226.999997323 -30261.00000862 -30296.000003445 -30331.999992559 -30365.999999767 -30399.000016433 -30426.999976815 -30450.000004576 -30464.000011323 -30468.999999645 -30464.000007687 -30449.999998632 -30426.999973347 -30399.000018073 -30365.999996747 -30331.999993056 -30296.000011233 -30260.999994488 -30226.99999411 -30196.000001401 -30165.999984765 -30139.000020237 -30115.000008041 -30093.999999744 -30074.999997831 -30057.999994625 -30044.000009377 -30031.999998203 -30023.000003995 -30013.999998067 -30008.000005418 -30002.99999146 -30099.999995158 -30100.000026426 -30100.000001238 -30099.999959199 -30099.999966183 -30099.999998418 -30100.000003925
-30062.999998119 -30079.999971506 -30099.999997189 -30123.000011986 -30148.999991824 -30177.999990079 -30209.999988856 -30243.999998593 -30280.99999644 -30320.000000051 -30360.000005941 -30399.000001993 -30435.999988016 -30468.999982283 -30495.999988834 -30513.000016582 -30519.000019165 -30513.000030876 -30495.999996146 -30469.000030959 -30436.000004219 -30398.999989062 -30360.000013055 -30319.99998263 -30281.000015488 -30244.000000606 -30210.000002527 -30178.000017733 -30148.999989014 -30122.999989623 -30099.999988444 -30079.999987931 -30063.000018872 -30048.0000287 -30034.999987351 -30025.000006018 -30015.999999925 -30008.999993457 -30003.999945217 -30100.000020536 -30100.000020749 -30100.000018511 -30099.999998747 -30100.000022287 -30099.999991158 -30100.000014212
-30065.99998381 -30085.000019336 -30106.000007563 -30130.000003135 -30156.999987555 -30188.000005032 -30221.999995248 -30259.000006021 -30299.000003836 -30341.000009038 -30383.999998379 -30426.99998246 -30469.000003277 -30507.000010897 -30537.999990485 -30559.000014404 -30566.000003 -30559.000003141 -30537.999987491 -30507.00001339 -30468.999980825 -30426.999998323 -30384.000014668 -30341.00000989 -30298.999982983 -30259.000010535 -30221.999996863 -30188.000007364 -30156.999997083 -30129.99998162 -30106.00000873 -30084.999981131 -30066.000006814 -30051.000005696 -30038.000004216 -30026.999982272 -30018.000000008 -30009.999993267 -30003.999983881 -30099.999979315 -30100.000034459 -30100.00000648 -30100.000015177 -30100.000006989 -30099.999995386 -30100.00003151
-30068.999997367 -30088.000008153 -30109.999995659 -30135.000003767 -30164.000008742 -30195.999985381 -30230.999999243 -30269.999971607 -30312.000005352 -30356.000000694 -30402.999983728 -30449.999990659 -30495.999985964 -30538.000000318 -30573.999991072 -30597.999999196 -30606.999990161 -30597.999999963 -30573.999989226 -30538.000050696 -30496.000000106 -30449.999991225 -30402.999962161 -30356.000002721 -30312.000007244 -30270.000005707 -30231.000002627 -30196.000000182 -30163.999988408 -30134.999979624 -30110.000003023 -30087.999980047 -30069.000015141 -30053.000027698 -30039.000009409 -30027.999993246 -30018.999979922 -30010.999993708 -30005.000031893 -30100.000004425 -30100.000018989 -30099.999993451 -30100.000017115 -30100.000006281 -30099.99999031 -30100.000016039
-30071.000002557 -30090.000011324 -30112.000004089 -30138.000025008 -30166.999997137 -30199.999987672 -30236.999998023 -30276.999998625 -30319.999989128 -30366.000014128 -30415.000013255 -30464.000012937 -30513.000021026 -30558.99998784 -30597.999991081 -30624.999992001 -30634.999993162 -30625.000000027 -30598.00000205 -30559.000013474 -30513.000005486 -30463.999989906 -30415.000001055 -30365.999992838 -30319.999999308 -30276.999999583 -30236.99997067 -30199.999997294 -30166.999991446 -30137.999974784 -30112.000011302 -30089.999971895 -30070.999984978 -30053.999999996 -30040.00000222 -30029.000000532 -30018.999991341 -30011.999991718 -30005.000039642 -30000.999994329 -30099.999979168 -30100.000013523 -30100.000001308 -30100.000011477 -30099.999985492 -30100.000015638
-30071.000008042 -30091.000009193 -30112.999982758 -30138.999992547 -30168.999996716 -30201.999989976 -30238.999997199 -30278.999994359 -30322.999992133 -30370.00000132 -30419.000000409 -30469.000003894 -30519.000022431 -30566.000004834 -30606.999989581 -30634.999998994 -30645.000007075 -30634.999989216 -30607.000004272 -30566.000009249 -30518.999977171 -30468.999987653 -30418.999987345 -30369.999987123 -30322.999986176 -30279.000010366 -30238.999996518 -30202.000014561 -30168.999995148 -30138.999976153 -30112.999992891 -30090.999976588 -30070.99998795 -30055.00001105 -30040.999972539 -30029.000004734 -30019.000005195 -30011.999986503 -30006.000051235 -30001.000034417 -30099.999995514 -30099.999999422 -30100.000012564 -30100.000003748 -30099.999989644 -30100.000062352
-30070.999999006 -30090.000046334 -30112.000001812 -30138.000016286 -30167.000005112 -30199.999988569 -30236.999993978 -30277.00000791 -30319.999999534 -30365.999983844 -30414.999998205 -30463.99999626 -30513.000004186 -30559.000001356 -30597.999998342 -30624.999981697 -30635.000000296 -30625.000021963 -30597.999994535 -30558.999997618 -30513.000003433 -30463.999990851 -30414.999982088 -30365.999991873 -30319.999982985 -30277.00000531 -30236.999999294 -30200.000005697 -30166.999988314 -30137.999961274 -30111.999972246 -30089.99997326 -30071.000011068 -30054.000004066 -30040.000002683 -30029.000009054 -30019.000002053 -30011.999988328 -30004.999987766 -30000.999998117 -30100.000016269 -30100.000006636 -30100.00000234 -30099.999995264 -30099.999988024 -30100.000070219
-30069.000008449 -30088.000012562 -30110.00000343 -30134.999967691 -30163.999992408 -30195.999987551 -30230.999988752 -30269.999990322 -30311.99999569 -30355.99999882 -30403.000012225 -30450.000002289 -30496.000025881 -30537.9999885 -30573.999989302 -30597.999997416 -30606.999984295 -30598.000009915 -30573.999997295 -30538.000031002 -30496.000005227 -30449.999988315 -30402.999977566 -30355.999995028 -30311.999986193 -30270.000002636 -30230.999978334 -30195.999994766 -30163.99998451 -30134.999965587 -30110.000007868 -30087.999974308 -30068.99999611 -30052.999999832 -30038.999993932 -30027.99999547 -30019.000010613 -30010.999986441 -30005.000004792 -30099.999988653 -30100.000008702 -30100.000010465 -30100.000011575 -30100.000008438 -30099.999992616 -30100.000011587
-30066.000010765 -30085.000014659 -30106.000000494 -30129.999989143 -30157.000004602 -30187.999987274 -30221.999986282 -30258.999989613 -30298.999972159 -30341.000005841 -30384.000005892 -30426.999994389 -30469.000004475 -30507.000013838 -30537.999989747 -30558.999999503 -30566.00000156 -30559.0000214 -30538.000004166 -30507.000002749 -30469.000002246 -30426.999995499 -30383.999989957 -30340.999986719 -30298.999980946 -30259.000032169 -30222.000006076 -30187.999999947 -30156.999988945 -30129.9999598 -30105.999999946 -30084.999969884 -30066.000002827 -30051.000013857 -30037.99999509 -30026.999978336 -30018.00000254 -30009.999989362 -30004.000043942 -30099.999983692 -30099.999998599 -30099.999988421 -30100.000010349 -30100.000007175 -30099.999994866 -30100.000074001
-30063.000010421 -30079.999987803 -30100.000004866 -30122.999991062 -30148.999994286 -30177.999989136 -30209.999984518 -30243.999990794 -30280.999971519 -30320.000010609 -30359.999997155 -30398.999995195 -30435.999974614 -30468.999996592 -30495.99998838 -30512.999996181 -30518.999987666 -30513.000001824 -30496.00001251 -30468.999991795 -30436.000003102 -30398.9999894 -30359.999997285 -30319.99998663 -30280.999995322 -30244.000006336 -30209.999971238 -30178.00000671 -30148.999987223 -30122.999963195 -30099.99999508 -30079.999970337 -30062.999996977 -30047.999981388 -30035.000027932 -30025.000024461 -30015.999999328 -30008.999989231 -30003.999986576 -30100.000028149 -30099.999977451 -30099.999986752 -30100.000029938 -30099.999980633 -30099.999991905 -30100.000069884
-30057.999994928 -30074.999988267 -30094.000000259 -30115.000000735 -30139.000001619 -30166.000008528 -30196.00000822 -30226.999994359 -30260.999996408 -30295.999996717 -30331.999982554 -30365.999995083 -30399.000003101 -30426.999967382 -30450.000008236 -30464.00000442 -30468.999998552 -30463.999993575 -30449.999997211 -30427.000018249 -30398.999990294 -30366.000002899 -30331.999993417 -30295.999996538 -30261.00000227 -30227.000001852 -30195.999969875 -30165.999997474 -30138.999999025 -30114.999998227 -30093.999995793 -30074.999992605 -30057.99999551 -30044.000007389 -30031.99999586 -30023.000012927 -30013.999985655 -30007.999997852 -30002.999981504 -30099.999994028 -30099.999999393 -30099.999999689 -30100.000012738 -30099.999999115 -30100.000000808 -30100.000013292
-30052.999992713 -30067.999991077 -30086.000000981 -30106.000016616 -30127.999998332 -30153.00000719 -30179.000009918 -30207.999984599 -30239.000015964 -30269.999993438 -30300.999999668 -30331.999999863 -30359.99998385 -30383.999987967 -30402.999986301 -30415.000004786 -30418.999994846 -30414.999979975 -30402.999993849 -30383.999976215 -30360.000001899 -30332.000007528 -30300.999990888 -30269.999998559 -30238.999992477 -30207.999996383 -30179.000006636 -30152.999989723 -30128.000016026 -30105.999992293 -30085.999998249 -30068.000000701 -30052.999996954 -30039.999992162 -30028.999993779 -30019.999974514 -30013.000008188 -30005.999999411 -30002.000032289 -30099.999994088 -30100.00000708 -30100.000002102 -30100.000014165 -30099.999984031 -30099.999999376 -30100.000035507
-30048.000007059 -30061.999971579 -30078.000001575 -30095.999989016 -30115.999999986 -30138.000006872 -30162.000009301 -30187.999993455 -30215.000010423 -30242.00000048 -30269.999987708 -30296.00000063 -30320.000020527 -30340.999992658 -30356.000004697 -30366.00000486 -30369.99999698 -30365.999978867 -30355.999997925 -30340.99999642 -30319.99998271 -30296.000001699 -30270.000000283 -30241.999999578 -30214.99998406 -30188.000002528 -30161.999987081 -30137.999985302 -30116.000001362 -30095.999990863 -30078.000001298 -30061.999993065 -30047.99999786 -30035.999991512 -30026.000008989 -30016.999963876 -30009.999974163 -30005.000000124 -30100.00001493 -30100.000006692 -30099.99998183 -30099.999997223 -30100.000011971 -30100.000009528 -30100.000003248 -30100.000043231
-30042.000008203 -30054.99998119 -30068.999993092 -30084.999980172 -30102.999985325 -30123.000005233 -30145.000007568 -30166.99999525 -30190.999997843 -30214.999996314 -30238.999990255 -30261.000003542 -30280.999994532 -30299.000008347 -30312.000007174 -30320.000005301 -30322.99999836 -30320.000017963 -30311.999994999 -30298.999999243 -30280.999997152 -30261.000002267 -30238.999992761 -30214.999994234 -30190.999990855 -30166.999996917 -30144.999959139 -30123.000000417 -30102.999997977 -30084.99998808 -30068.999997183 -30054.999994976 -30041.999995461 -30030.999972247 -30021.999996527 -30013.99999923 -30007.999986431 -30003.000004165 -30099.999996932 -30100.000005247 -30099.999996681 -30099.999994281 -30099.999996126 -30099.999991141 -30099.999985362 -30100.000010129
-30035.999977445 -30046.999989207 -30059.999992536 -30075.000014517 -30090.999988811 -30108.000002358 -30127.000007975 -30146.999999139 -30166.999989649 -30187.999996187 -30208.000010499 -30226.999998297 -30243.999964534 -30258.999960009 -30269.999999265 -30276.999978509 -30278.999997251 -30276.999984755 -30269.999998151 -30259.000013264 -30243.999982914 -30226.999985755 -30207.999994863 -30187.999998717 -30166.999986972 -30146.999998969 -30126.999991355 -30107.999982132 -30090.999999458 -30074.999993111 -30059.999997435 -30046.999991495 -30035.999990318 -30026.999997615 -30017.999993635 -30012.000027786 -30005.999992571 -30001.000002691 -30099.999974004 -30099.999994047 -30100.000005796 -30099.999998444 -30099.999984773 -30099.999975306 -30100.000004901 -30100.000035372
-30029.99999632 -30040.000006928 -30051.999996707 -30063.999993452 -30078.000003761 -30093.999999238 -30110.000017229 -30126.999994198 -30144.999987228 -30161.999994574 -30178.999969376 -30195.999996235 -30210.000008361 -30221.999987823 -30230.999999075 -30236.999976857 -30238.999996683 -30237.000007732 -30230.999998138 -30221.999971213 -30209.999997012 -30196.00000465 -30178.999946621 -30161.999996372 -30144.99997069 -30126.999999007 -30110.000000972 -30093.999984745 -30078.000005015 -30063.999993076 -30051.999996938 -30039.999991805 -30029.999993826 -30021.999964697 -30014.999996803 -30008.999990544 -30004.00000039 -30099.9999965 -30099.99997606 -30100.000007088 -30099.99998878 -30099.999993375 -30099.999996519 -30100.000001947 -30100.000002677 -30100.00000963
-30024.999996954 -30032.999988076 -30042.999993369 -30053.99999719 -30065.999987901 -30079.99999955 -30093.999983726 -30107.999992775 -30122.999987923 -30137.999995142 -30152.999967182 -30165.999994071 -30177.999992114 -30187.999990961 -30196.000000367 -30199.999976427 -30201.99999711 -30200.000012035 -30195.999992896 -30187.999990126 -30177.999991401 -30165.99997482 -30152.999949361 -30137.999998401 -30122.999968466 -30107.999992949 -30093.999984531 -30080.000013755 -30066.00000265 -30053.999986149 -30043.000001099 -30032.999997801 -30024.9999973 -30016.999987712 -30011.00000286 -30005.999988348 -30000.999981133 -30099.999997296 -30100.00002886 -30099.999987956 -30099.999987577 -30099.999999768 -30099.999965878 -30100.000011811 -30100.000005105 -30100.000030261
-30018.999995383 -30026.999955949 -30034.999999879 -30045.00000924 -30054.999998007 -30066.000006064 -30077.999991171 -30090.999998799 -30102.999985959 -30115.999993311 -30128.000019139 -30138.999989758 -30148.999995527 -30156.999976291 -30163.999996368 -30166.999981428 -30168.999996966 -30167.00001596 -30163.99999635 -30156.99996407 -30148.999971475 -30139.000000874 -30127.999955558 -30116.000001775 -30102.999973602 -30090.999996054 -30078.000000475 -30065.99997986 -30054.999996417 -30044.999994668 -30034.999995673 -30026.999997022 -30018.999996891 -30013.000021538 -30008.000013411 -30002.999962557 -30099.999987129 -30099.999997725 -30099.999985232 -30099.999997157 -30100.000019357 -30099.999994839 -30100.000000622 -30099.999988822 -30100.00000924 -30100.000013179
-30013.999998052 -30021.000014146 -30028.000001885 -30035.999964082 -30045.00000056 -30054.000008672 -30063.999988912 -30074.999997275 -30084.999984618 -30095.9999971 -30105.999981644 -30114.999995553 -30122.999956511 -30129.999996174 -30135.000002734 -30137.99999263 -30139.000005134 -30137.999978502 -30134.9999925 -30129.999997498 -30122.999985812 -30115.000007438 -30105.999961657 -30095.999997642 -30084.99997522 -30075.000002216 -30064.000021792 -30053.999997924 -30045.000008604 -30035.999985768 -30027.999998746 -30020.999992803 -30013.999988144 -30008.99999672 -30003.999996817 -30001.000001349 -30100.000004282 -30100.000001121 -30099.999980953 -30099.999998515 -30099.999984868 -30100.000018083 -30099.999999086 -30100.000000515 -30100.000000845 -30100.000009112
-30009.999997501 -30014.999993629 -30020.999993973 -30028.000000831 -30035.00001324 -30042.999996541 -30052.00001285 -30059.999996536 -30068.999986485 -30078.000017896 -30085.999987029 -30093.99999281 -30099.999977465 -30105.999983311 -30110.000029202 -30111.999991017 -30112.999997134 -30111.999991694 -30109.999995075 -30106.000003061 -30099.999996379 -30093.99998635 -30085.999971859 -30077.999999651 -30068.999967703 -30059.999998324 -30052.000030906 -30042.999997661 -30035.000007077 -30027.999988125 -30020.999998673 -30014.999990752 -30009.999995718 -30004.999998639 -30002.000009076 -30099.99998922 -30099.999974994 -30100.000004197 -30100.000017731 -30099.999999459 -30100.000000566 -30099.999999653 -30100.000019276 -30099.999968289 -30100.000001735 -30100.000036948
